  2.0000E-08  1.8752E-01 NaN          4.0316E+00
  2.1000E-08  3.9440E-01 NaN          4.6670E+00
  2.2000E-08  6.9927E-01 NaN          5.3660E+00
  2.3000E-08  1.0611E+00 NaN          6.1315E+00
  2.4000E-08  1.3957E+00 NaN          6.9665E+00
  2.5000E-08  1.6091E+00 NaN          7.8741E+00
  2.6000E-08  1.6422E+00 NaN          8.8573E+00
  2.7000E-08  1.4971E+00 NaN          9.9191E+00
  2.8000E-08  1.2295E+00 NaN          1.1063E+01
  2.9000E-08  9.1695E-01 NaN          1.2291E+01
  3.0000E-08  6.2591E-01 NaN          1.3607E+01
  3.1000E-08  4.1713E-01 NaN          1.4202E+01
  3.2000E-08  2.4643E-01 NaN          1.5420E+01
  3.3000E-08  1.3424E-01 NaN          1.6911E+01
  3.4000E-08  6.8583E-02  1.1256E-01  1.8482E+01
  3.5000E-08  3.3021E-02  6.9047E-02  2.0161E+01
  3.6000E-08  1.5063E-02  4.3203E-02  2.1939E+01
  3.7000E-08  6.5321E-03  2.7844E-02  2.3819E+01
  3.8000E-08  2.6987E-03  1.8411E-02  2.5803E+01
  3.9000E-08  1.0631E-03  1.2301E-02  2.7894E+01
  4.0000E-08  3.9927E-04  8.1450E-03  3.0095E+01
  4.1000E-08  1.4282E-04  5.2552E-03  3.2409E+01
  4.2000E-08  4.8585E-05  3.2669E-03  3.4839E+01
  4.3000E-08  1.5691E-05  1.9470E-03  3.7387E+01
  4.4000E-08  4.8024E-06  1.1186E-03  4.0056E+01
  4.5000E-08  5.3630E-05  6.1603E-04  2.7391E+01
  4.6000E-08  1.0414E-05  3.1122E-04  2.1900E+01
  4.7000E-08  3.0130E-06  1.4759E-04  2.3360E+01
  4.8000E-08  9.1740E-07  6.7266E-05  2.4888E+01
  4.9000E-08  1.5379E-06  2.9828E-05  2.6980E+01
  5.0000E-08  1.6722E-07  1.2548E-05  2.8278E+01
  5.1000E-08  3.3178E-08  5.0884E-06  2.9984E+01
  5.2000E-08  8.1002E-10  2.0456E-06  4.6733E+01
  5.3000E-08  6.5371E-09  8.4353E-07  3.4592E+01
  5.4000E-08  1.3965E-10  3.7590E-07  3.5498E+01
  5.5000E-08  4.0715E-11  1.9482E-07  3.7636E+01
  5.6000E-08  1.0769E-11  1.2195E-07  5.3938E+01
  5.7000E-08  2.4266E-11  8.9187E-08  4.1936E+01
  5.8000E-08  5.1402E-11  7.1733E-08  1.4971E+02
  5.9000E-08  1.0943E-10  1.8280E-08  4.6565E+01
  6.0000E-08  2.2679E-10  7.9837E-09  4.8669E+01
  6.1000E-08  4.5835E-10  5.8255E-09  5.1098E+01
  6.2000E-08  9.0436E-10  6.6891E-09  5.3632E+01
  6.3000E-08  1.7441E-09  8.5372E-09  5.6272E+01
  6.4000E-08  3.2910E-09  1.3804E-08  5.9016E+01
  6.5000E-08  6.0826E-09  2.2533E-08  6.1898E+01
  6.6000E-08  1.1022E-08  6.7102E+02  6.8665E+01
  6.7000E-08  1.9599E-08  1.5082E+03  7.4369E+01
  6.8000E-08  3.4227E-08  2.5594E+03  7.0867E+01
  6.9000E-08  5.8753E-08  3.8843E+03  7.3950E+01
  7.0000E-08  9.9206E-08  5.5740E+03  7.7196E+01
  7.1000E-08  1.6489E-07  7.7671E+03  8.0564E+01
  7.2000E-08  2.6997E-07  1.0684E+04  8.4430E+01
  7.3000E-08  4.3565E-07  1.4420E+04  8.8328E+01
  7.4000E-08  6.9334E-07  1.8856E+04  9.1739E+01
  7.5000E-08  1.0889E-06  2.6019E+04  9.4924E+01
  7.6000E-08  1.6884E-06  4.0342E+04  9.8765E+01
  7.7000E-08  2.5862E-06  7.2502E+04  1.0271E+02
  7.8000E-08  3.9150E-06  1.9764E+05  1.0677E+02
  7.9000E-08  7.1148E+05  5.3767E+05  3.7977E-02
  8.0000E-08  7.6393E+05  6.9714E+05  4.8786E-02
  8.1000E-08  8.2257E+05  7.7704E+05  6.3267E-02
  8.2000E-08  8.8164E+05  8.4313E+05  7.5449E-02
  8.3000E-08  9.4632E+05  9.0552E+05  9.6920E-02
  8.4000E-08  1.0211E+06  9.6228E+05  1.4262E-01
  8.5000E-08  1.1114E+06  9.7327E+05  2.7825E-01
  8.6000E-08  9.3472E+05  7.9122E+05  1.2539E+00
  8.7000E-08  6.8157E-01  4.1927E+05  2.4224E+01
  8.8000E-08  1.4176E-04  4.9867E+05  1.0372E+03
  8.9000E-08  1.2361E+06  1.0789E+06  4.1734E-01
  9.0000E-08  1.2124E+06  1.4656E+06  1.8508E-01
  9.1000E-08  1.2390E+06  2.5719E+06  1.2243E-01
  9.2000E-08  9.4529E+06  4.9080E+06  1.3247E+00
  9.3000E-08  1.3975E+06  2.6953E+06  8.7946E-02
  9.4000E-08  1.3809E+06  1.6731E+06  7.6523E-02
  9.5000E-08  1.3956E+06  1.4976E+06  1.1266E-01
  9.6000E-08  1.4384E+06  1.4634E+06  1.1689E-01
  9.7000E-08  1.4792E+06  1.4652E+06  1.2724E-01
  9.8000E-08  1.5155E+06  1.4724E+06  1.5173E-01
  9.9000E-08  1.5379E+06  1.4685E+06  1.9049E-01
  1.0000E-07  1.5311E+06  1.4337E+06  2.5497E-01
  1.0100E-07  1.4625E+06  1.3351E+06  3.7544E-01
  1.0200E-07  1.2496E+06  1.1114E+06  6.4440E-01
  1.0300E-07  6.9083E+05  7.1563E+05  1.4694E+00
  1.0400E-07  6.5297E+03  3.2125E+05  6.9986E+00
  1.0500E-07  1.1678E-02  2.1676E+05  1.5034E+02
  1.0600E-07  8.0941E+04  2.7355E+05  4.4171E+00
  1.0700E-07  1.1934E+05  5.3233E+05  4.5887E+00
  1.0800E-07  1.4818E+06  1.2100E+06  7.9778E-01
  1.0900E-07  1.8732E+06  1.6324E+06  4.4748E-01
  1.1000E-07  2.0987E+06  1.7787E+06  3.1386E-01
  1.1100E-07  1.6489E+06  1.6628E+06  2.2086E-01
  1.1200E-07  1.7344E+06  1.6329E+06  1.8100E-01
  1.1300E-07  1.6289E+06  1.5871E+06  1.4903E-01
  1.1400E-07  1.5718E+06  1.5501E+06  1.2779E-01
  1.1500E-07  1.5660E+06  1.5476E+06  1.1386E-01
  1.1600E-07  1.6153E+06  1.5770E+06  1.0540E-01
  1.1700E-07  1.6635E+06  1.6180E+06  9.9263E-02
  1.1800E-07  1.7466E+06  1.6550E+06  6.0209E-02
  1.1900E-07  1.6808E+06  1.6428E+06  5.7428E-02
  1.2000E-07  1.6706E+06  1.6392E+06  5.6654E-02
  1.2100E-07  1.7113E+06  1.6594E+06  5.5295E-02
  1.2200E-07  1.7519E+06  1.6798E+06  5.6672E-02
  1.2300E-07  1.7927E+06  1.6682E+06  5.8080E-02
  1.2400E-07  1.6166E+06  1.5694E+06  5.2237E-02
  1.2500E-07  1.4834E+06  1.4562E+06  4.7868E-02
  1.2600E-07  1.3096E+06  1.3608E+06  4.2182E-02
  1.2700E-07  1.3480E+06  1.3676E+06  4.3535E-02
  1.2800E-07  1.5619E+06  1.4253E+06  5.0893E-02
  1.2900E-07  1.3810E+06  1.3656E+06  4.4843E-02
  1.3000E-07  1.3156E+06  1.3146E+06  4.2774E-02
  1.3100E-07  1.3387E+06  1.3082E+06  4.3670E-02
  1.3200E-07  1.3665E+06  1.3038E+06  4.4741E-02
  1.3300E-07  1.2997E+06  1.2638E+06  4.2657E-02
  1.3400E-07  1.2401E+06  1.2186E+06  4.0817E-02
  1.3500E-07  1.2299E+06  1.1794E+06  4.0650E-02
  1.3600E-07  1.0912E+06  1.1272E+06  3.6173E-02
  1.3700E-07  1.2105E+06  1.1467E+06  4.0432E-02
  1.3800E-07  1.2225E+06  1.1318E+06  4.1097E-02
  1.3900E-07  1.0707E+06  1.0393E+06  3.6014E-02
  1.4000E-07  9.1684E+05  9.3920E+05  3.0893E-02
  1.4100E-07  8.8706E+05  8.9147E+05  3.0008E-02
  1.4200E-07  8.8068E+05  8.7336E+05  2.9934E-02
  1.4300E-07  8.8410E+05  8.6709E+05  3.0207E-02
  1.4400E-07  8.9327E+05  8.6380E+05  3.0689E-02
  1.4500E-07  9.0780E+05  8.4154E+05  3.1370E-02
  1.4600E-07  7.4192E+05  7.7002E+05  2.5784E-02
  1.4700E-07  7.6604E+05  7.4097E+05  2.6787E-02
  1.4800E-07  6.9417E+05  6.9785E+05  2.4423E-02
  1.4900E-07  6.3173E+05  6.5991E+05  2.2376E-02
  1.5000E-07  6.4326E+05  6.5546E+05  2.2932E-02
  1.5100E-07  6.5954E+05  6.6485E+05  2.3668E-02
  1.5200E-07  6.7926E+05  6.7239E+05  2.4544E-02
  1.5300E-07  6.3533E+05  6.6453E+05  2.3141E-02
  1.5400E-07  6.2611E+05  6.7965E+05  2.2995E-02
  1.5500E-07  6.8118E+05  7.5454E+05  2.5237E-02
  1.5600E-07  8.9414E+05  9.1747E+05  3.3520E-02
  1.5700E-07  1.1634E+06  1.1138E+06  4.4122E-02
  1.5800E-07  1.1986E+06  1.3184E+06  4.5809E-02
  1.5900E-07  1.8390E+06  1.7999E+06  7.1727E-02
  1.6000E-07  3.3432E+06  2.2927E+06  1.3603E-01
  1.6100E-07  1.8279E+06  1.7410E+06  7.2433E-02
  1.6200E-07  9.6074E+05  1.1316E+06  3.7761E-02
  1.6300E-07  7.6726E+05  8.3876E+05  3.0272E-02
  1.6400E-07  5.9860E+05  6.7800E+05  2.3789E-02
  1.6500E-07  5.4529E+05  6.0030E+05  2.1840E-02
  1.6600E-07  5.5463E+05  5.6943E+05  2.2373E-02
  1.6700E-07  5.1020E+05  5.3874E+05  2.0723E-02
  1.6800E-07  4.7119E+05  5.3748E+05  1.9357E-02
  1.6900E-07  6.8578E+05  5.9508E+05  2.8283E-02
  1.7000E-07  5.2292E+05  5.5987E+05  2.1815E-02
  1.7100E-07  5.4749E+05  5.6506E+05  2.3009E-02
  1.7200E-07  6.8563E+05  5.9797E+05  2.8981E-02
  1.7300E-07  5.2661E+05  5.4493E+05  2.2523E-02
  1.7400E-07  5.0510E+05  5.1370E+05  2.1797E-02
  1.7500E-07  5.1523E+05  5.1181E+05  2.2415E-02
  1.7600E-07  5.2621E+05  5.1819E+05  2.3080E-02
  1.7700E-07  5.2748E+05  5.2613E+05  2.3334E-02
  1.7800E-07  5.5484E+05  5.4250E+05  2.4745E-02
  1.7900E-07  5.7907E+05  5.5459E+05  2.6047E-02
  1.8000E-07  5.5514E+05  5.4571E+05  2.5197E-02
  1.8100E-07  5.2596E+05  5.2896E+05  2.4103E-02
  1.8200E-07  4.8703E+05  5.2353E+05  2.2549E-02
  1.8300E-07  5.8946E+05  5.5028E+05  2.7457E-02
  1.8400E-07  4.7856E+05  5.3294E+05  2.2574E-02
  1.8500E-07  5.0752E+05  5.6443E+05  2.4145E-02
  1.8600E-07  6.0884E+05  6.6758E+05  2.9188E-02
  1.8700E-07  8.6538E+05  8.3719E+05  4.1880E-02
  1.8800E-07  9.2859E+05  1.0347E+06  4.5405E-02
  1.8900E-07  1.6944E+06  1.3865E+06  8.4847E-02
  1.9000E-07  1.7291E+06  1.4637E+06  8.7467E-02
  1.9100E-07  1.2703E+06  1.3299E+06  6.4246E-02
  1.9200E-07  1.6035E+06  1.3257E+06  8.2430E-02
  1.9300E-07  1.1454E+06  1.1131E+06  5.8882E-02
  1.9400E-07  9.0058E+05  8.8795E+05  4.6554E-02
  1.9500E-07  6.2626E+05  6.9695E+05  3.2660E-02
  1.9600E-07  5.4727E+05  6.0125E+05  2.8831E-02
  1.9700E-07  5.5296E+05  5.7297E+05  2.9391E-02
  1.9800E-07  5.5933E+05  5.6245E+05  3.0027E-02
  1.9900E-07  5.5078E+05  5.4448E+05  2.9848E-02
  1.9993E-07  4.7955E+05  5.1677E+05  2.6291E-02
  2.0093E-07  4.9726E+05  5.2551E+05  2.7500E-02
  2.0193E-07  5.7878E+05  5.6947E+05  3.2236E-02
  2.0293E-07  6.3610E+05  6.0409E+05  3.5756E-02
  2.0393E-07  6.1477E+05  6.1020E+05  3.4894E-02
  2.0493E-07  6.3743E+05  6.2032E+05  3.6509E-02
  2.0593E-07  6.3461E+05  6.2416E+05  3.6694E-02
  2.0693E-07  6.1990E+05  6.2932E+05  3.6203E-02
  2.0793E-07  6.6435E+05  6.5772E+05  3.9156E-02
  2.0893E-07  7.0209E+05  6.9512E+05  4.1771E-02
  2.0993E-07  7.5200E+05  7.4274E+05  4.5166E-02
  2.1093E-07  8.2859E+05  8.0556E+05  5.0261E-02
  2.1193E-07  9.3379E+05  8.7397E+05  5.7241E-02
  2.1293E-07  1.0254E+06  8.9284E+05  6.3543E-02
  2.1393E-07  7.6448E+05  7.8921E+05  4.7717E-02
  2.1493E-07  6.7810E+05  7.2796E+05  4.2734E-02
  2.1593E-07  7.0081E+05  7.5556E+05  4.4584E-02
  2.1693E-07  8.8697E+05  8.7177E+05  5.7018E-02
  2.1793E-07  1.0881E+06  1.0093E+06  7.0865E-02
  2.1893E-07  1.2866E+06  1.0793E+06  8.4999E-02
  2.1993E-07  9.7606E+05  9.5662E+05  6.4699E-02
  2.2093E-07  8.0949E+05  8.4447E+05  5.4065E-02
  2.2193E-07  8.1512E+05  8.2097E+05  5.4967E-02
  2.2293E-07  8.8511E+05  8.4037E+05  6.0308E-02
  2.2393E-07  9.0819E+05  8.3233E+05  6.2499E-02
  2.2493E-07  7.8282E+05  7.6193E+05  5.4325E-02
  2.2593E-07  6.8188E+05  6.9177E+05  4.7767E-02
  2.2693E-07  6.6297E+05  6.6213E+05  4.6888E-02
  2.2793E-07  7.0454E+05  6.5420E+05  5.0297E-02
  2.2893E-07  6.5180E+05  6.0506E+05  4.6981E-02
  2.2992E-07  5.0814E+05  5.1545E+05  3.7071E-02
  2.3092E-07  4.2775E+05  4.4412E+05  3.1614E-02
  2.3192E-07  3.8897E+05  3.9986E+05  2.9100E-02
  2.3292E-07  3.5987E+05  3.7047E+05  2.7250E-02
  2.3392E-07  3.4484E+05  3.5272E+05  2.6405E-02
  2.3492E-07  3.3923E+05  3.4251E+05  2.6238E-02
  2.3592E-07  3.2730E+05  3.3560E+05  2.5602E-02
  2.3692E-07  3.3132E+05  3.4013E+05  2.6155E-02
  2.3792E-07  3.7039E+05  3.5847E+05  2.9397E-02
  2.3892E-07  3.9329E+05  3.6632E+05  3.1454E-02
  2.3992E-07  3.4360E+05  3.4874E+05  2.7880E-02
  2.4092E-07  3.3276E+05  3.4111E+05  2.7295E-02
  2.4192E-07  3.4189E+05  3.5137E+05  2.8287E-02
  2.4292E-07  3.7368E+05  3.8425E+05  3.1130E-02
  2.4392E-07  4.7359E+05  4.4267E+05  3.9592E-02
  2.4492E-07  5.2097E+05  4.9262E+05  4.3918E-02
  2.4592E-07  6.3760E+05  5.2715E+05  5.4188E-02
  2.4692E-07  5.0520E+05  4.6212E+05  4.3443E-02
  2.4792E-07  3.5013E+05  3.6574E+05  3.0688E-02
  2.4892E-07  2.9316E+05  3.0615E+05  2.6134E-02
  2.4992E-07  2.6690E+05  2.7441E+05  2.4136E-02
  2.5092E-07  2.5107E+05  2.5529E+05  2.3002E-02
  2.5192E-07  2.3897E+05  2.4267E+05  2.2174E-02
  2.5292E-07  2.3489E+05  2.3597E+05  2.2027E-02
  2.5392E-07  2.3625E+05  2.3284E+05  2.2351E-02
  2.5492E-07  2.3463E+05  2.2822E+05  2.2418E-02
  2.5592E-07  2.2072E+05  2.1946E+05  2.1392E-02
  2.5692E-07  2.1428E+05  2.1240E+05  2.1016E-02
  2.5792E-07  2.0938E+05  2.0679E+05  2.0770E-02
  2.5892E-07  2.0261E+05  2.0188E+05  2.0348E-02
  2.5992E-07  2.0220E+05  1.9984E+05  2.0502E-02
  2.6092E-07  2.0363E+05  1.9981E+05  2.0829E-02
  2.6192E-07  2.0587E+05  2.0028E+05  2.1236E-02
  2.6292E-07  2.0453E+05  1.9971E+05  2.1309E-02
  2.6392E-07  2.0494E+05  1.9906E+05  2.1549E-02
  2.6492E-07  2.0335E+05  1.9750E+05  2.1600E-02
  2.6592E-07  2.0076E+05  1.9476E+05  2.1551E-02
  2.6692E-07  1.9453E+05  1.9103E+05  2.1138E-02
  2.6792E-07  1.9458E+05  1.8841E+05  2.1340E-02
  2.6892E-07  1.8752E+05  1.8428E+05  2.0833E-02
  2.6992E-07  1.8476E+05  1.8128E+05  2.0748E-02
  2.7092E-07  1.8375E+05  1.7917E+05  2.0837E-02
  2.7191E-07  1.7958E+05  1.7659E+05  2.0602E-02
  2.7291E-07  1.7891E+05  1.7495E+05  2.0725E-02
  2.7391E-07  1.7663E+05  1.7336E+05  2.0680E-02
  2.7491E-07  1.7516E+05  1.7258E+05  2.0717E-02
  2.7591E-07  1.7815E+05  1.7357E+05  2.1231E-02
  2.7691E-07  1.8080E+05  1.7377E+05  2.1714E-02
  2.7791E-07  1.7390E+05  1.7051E+05  2.1164E-02
  2.7891E-07  1.6998E+05  1.6784E+05  2.0929E-02
  2.7991E-07  1.7127E+05  1.6719E+05  2.1267E-02
  2.8091E-07  1.6921E+05  1.6626E+05  2.1232E-02
  2.8191E-07  1.6885E+05  1.6585E+05  2.1387E-02
  2.8291E-07  1.6954E+05  1.6585E+05  2.1664E-02
  2.8391E-07  1.6745E+05  1.6556E+05  2.1624E-02
  2.8491E-07  1.6956E+05  1.6677E+05  2.2071E-02
  2.8591E-07  1.7071E+05  1.6845E+05  2.2408E-02
  2.8691E-07  1.7322E+05  1.7104E+05  2.2914E-02
  2.8791E-07  1.7639E+05  1.7519E+05  2.3507E-02
  2.8891E-07  1.8818E+05  1.8119E+05  2.5177E-02
  2.8991E-07  1.8498E+05  1.8323E+05  2.4997E-02
  2.9091E-07  1.8760E+05  1.8641E+05  2.5551E-02
  2.9191E-07  1.9241E+05  1.9223E+05  2.6391E-02
  2.9291E-07  2.0152E+05  2.0292E+05  2.7797E-02
  2.9391E-07  2.3408E+05  2.1825E+05  3.2301E-02
  2.9491E-07  2.2375E+05  2.1988E+05  3.1224E-02
  2.9591E-07  2.1331E+05  2.2034E+05  3.0110E-02
  2.9691E-07  2.2295E+05  2.3855E+05  3.1657E-02
  2.9791E-07  3.2385E+05  2.7652E+05  4.5667E-02
  2.9891E-07  2.6389E+05  2.7186E+05  3.7766E-02
  2.9991E-07  2.8560E+05  2.7891E+05  4.1092E-02
  3.0091E-07  2.9702E+05  2.9070E+05  4.3050E-02
  3.0191E-07  3.0994E+05  3.0461E+05  4.5260E-02
  3.0291E-07  3.3821E+05  3.2225E+05  4.9699E-02
  3.0391E-07  3.4754E+05  3.3323E+05  5.1485E-02
  3.0491E-07  3.5288E+05  3.3944E+05  5.2722E-02
  3.0591E-07  3.5865E+05  3.4261E+05  5.4047E-02
  3.0691E-07  3.5395E+05  3.3924E+05  5.3848E-02
  3.0791E-07  3.3755E+05  3.3037E+05  5.1900E-02
  3.0891E-07  3.3323E+05  3.2261E+05  5.1736E-02
  3.0991E-07  3.1648E+05  3.1093E+05  4.9671E-02
  3.1090E-07  2.9528E+05  2.9907E+05  4.6879E-02
  3.1190E-07  2.9090E+05  2.9698E+05  4.6628E-02
  3.1290E-07  3.0459E+05  3.0794E+05  4.9171E-02
  3.1390E-07  3.3244E+05  3.3003E+05  5.3990E-02
  3.1490E-07  3.7162E+05  3.5935E+05  6.0721E-02
  3.1590E-07  4.1393E+05  3.8712E+05  6.8119E-02
  3.1690E-07  4.2812E+05  3.9997E+05  7.1066E-02
  3.1790E-07  4.2306E+05  3.9916E+05  7.0869E-02
  3.1890E-07  4.2261E+05  3.8966E+05  7.1424E-02
  3.1990E-07  3.8765E+05  3.5984E+05  6.6172E-02
  3.2090E-07  3.1768E+05  3.1283E+05  5.4980E-02
  3.2190E-07  2.6776E+05  2.7162E+05  4.7067E-02
  3.2290E-07  2.3944E+05  2.4396E+05  4.2702E-02
  3.2390E-07  2.2602E+05  2.2677E+05  4.0803E-02
  3.2490E-07  2.1414E+05  2.1333E+05  3.9130E-02
  3.2590E-07  1.9896E+05  2.0095E+05  3.6856E-02
  3.2690E-07  1.9110E+05  1.9262E+05  3.5811E-02
  3.2790E-07  1.8833E+05  1.8816E+05  3.5636E-02
  3.2890E-07  1.8714E+05  1.8609E+05  3.5731E-02
  3.2990E-07  1.9067E+05  1.8574E+05  3.6666E-02
  3.3090E-07  1.9132E+05  1.8247E+05  3.7103E-02
  3.3190E-07  1.7241E+05  1.7263E+05  3.4005E-02
  3.3290E-07  1.6494E+05  1.6626E+05  3.2935E-02
  3.3390E-07  1.6626E+05  1.6564E+05  3.3453E-02
  3.3490E-07  1.7261E+05  1.6794E+05  3.4910E-02
  3.3590E-07  1.7289E+05  1.6864E+05  3.5260E-02
  3.3690E-07  1.7176E+05  1.6820E+05  3.5355E-02
  3.3790E-07  1.7135E+05  1.6770E+05  3.5584E-02
  3.3890E-07  1.7071E+05  1.6688E+05  3.5772E-02
  3.3990E-07  1.6762E+05  1.6523E+05  3.5486E-02
  3.4090E-07  1.6512E+05  1.6403E+05  3.5307E-02
  3.4190E-07  1.6468E+05  1.6444E+05  3.5509E-02
  3.4290E-07  1.6630E+05  1.6678E+05  3.6131E-02
  3.4390E-07  1.7015E+05  1.7152E+05  3.7214E-02
  3.4490E-07  1.7808E+05  1.7964E+05  3.9148E-02
  3.4590E-07  1.9102E+05  1.9185E+05  4.2184E-02
  3.4690E-07  2.0946E+05  2.0815E+05  4.6330E-02
  3.4790E-07  2.3365E+05  2.2717E+05  5.1788E-02
  3.4889E-07  2.5509E+05  2.4376E+05  5.6798E-02
  3.4989E-07  2.6218E+05  2.5316E+05  5.8811E-02
  3.5089E-07  2.6372E+05  2.5786E+05  5.9642E-02
  3.5189E-07  2.6016E+05  2.6217E+05  5.9373E-02
  3.5289E-07  2.6585E+05  2.7759E+05  6.1143E-02
  3.5389E-07  3.1913E+05  3.2044E+05  7.3664E-02
  3.5489E-07  4.3281E+05  3.7805E+05  1.0070E-01
  3.5589E-07  4.3305E+05  3.9149E+05  1.0179E-01
  3.5689E-07  3.9803E+05  3.7546E+05  9.4458E-02
  3.5789E-07  3.8106E+05  3.5536E+05  9.0959E-02
  3.5889E-07  3.5478E+05  3.2422E+05  8.5377E-02
  3.5989E-07  2.7609E+05  2.7260E+05  6.7363E-02
  3.6089E-07  2.1681E+05  2.2622E+05  5.4008E-02
  3.6189E-07  1.9189E+05  1.9701E+05  4.8428E-02
  3.6289E-07  1.6922E+05  1.7683E+05  4.3518E-02
  3.6389E-07  1.5965E+05  1.6556E+05  4.1611E-02
  3.6489E-07  1.6038E+05  1.6017E+05  4.2172E-02
  3.6589E-07  1.4997E+05  1.5451E+05  3.9892E-02
  3.6689E-07  1.5252E+05  1.5407E+05  4.0775E-02
  3.6789E-07  1.6362E+05  1.5503E+05  4.3797E-02
  3.6889E-07  1.4138E+05  1.4728E+05  3.8610E-02
  3.6989E-07  1.4256E+05  1.4646E+05  3.9198E-02
  3.7089E-07  1.4885E+05  1.5396E+05  4.1091E-02
  3.7189E-07  1.7280E+05  1.7471E+05  4.7537E-02
  3.7289E-07  2.5367E+05  1.9755E+05  6.9303E-02
  3.7389E-07  1.5137E+05  1.6554E+05  4.2795E-02
  3.7489E-07  1.4085E+05  1.5127E+05  4.0379E-02
  3.7589E-07  1.5867E+05  1.6104E+05  4.5397E-02
  3.7689E-07  2.1175E+05  1.7516E+05  6.0048E-02
  3.7789E-07  1.4513E+05  1.5413E+05  4.2508E-02
  3.7889E-07  1.4237E+05  1.4415E+05  4.2095E-02
  3.7989E-07  1.3820E+05  1.4577E+05  4.1288E-02
  3.8089E-07  1.8474E+05  1.5624E+05  5.4407E-02
  3.8189E-07  1.3120E+05  1.3983E+05  4.0060E-02
  3.8289E-07  1.2896E+05  1.3346E+05  3.9835E-02
  3.8389E-07  1.3269E+05  1.4078E+05  4.1234E-02
  3.8489E-07  1.9147E+05  1.5767E+05  5.8342E-02
  3.8588E-07  1.3822E+05  1.4207E+05  4.3359E-02
  3.8688E-07  1.2930E+05  1.3134E+05  4.1103E-02
  3.8788E-07  1.2914E+05  1.2893E+05  4.1389E-02
  3.8888E-07  1.3318E+05  1.2839E+05  4.2933E-02
  3.8988E-07  1.2148E+05  1.2446E+05  3.9816E-02
  3.9088E-07  1.2100E+05  1.2603E+05  3.9962E-02
  3.9188E-07  1.3404E+05  1.3969E+05  4.4171E-02
  3.9288E-07  1.9774E+05  1.6068E+05  6.4007E-02
  3.9388E-07  1.4024E+05  1.4810E+05  4.6871E-02
  3.9488E-07  1.6007E+05  1.4414E+05  5.4383E-02
  3.9588E-07  1.2203E+05  1.3182E+05  4.1968E-02
  3.9688E-07  1.4122E+05  1.3139E+05  4.8223E-02
  3.9788E-07  1.2153E+05  1.2522E+05  4.2326E-02
  3.9888E-07  1.2479E+05  1.2387E+05  4.3659E-02
  3.9988E-07  1.2404E+05  1.2498E+05  4.3749E-02
  4.0088E-07  1.3301E+05  1.2879E+05  4.7039E-02
  4.0188E-07  1.3230E+05  1.3007E+05  4.7188E-02
  4.0288E-07  1.2827E+05  1.3219E+05  4.6226E-02
  4.0388E-07  1.5254E+05  1.4025E+05  5.4881E-02
  4.0488E-07  1.3627E+05  1.3795E+05  4.9954E-02
  4.0588E-07  1.3097E+05  1.4163E+05  4.8203E-02
  4.0688E-07  1.7592E+05  1.6276E+05  6.3772E-02
  4.0788E-07  2.0029E+05  1.7242E+05  7.2645E-02
  4.0888E-07  1.4070E+05  1.5858E+05  5.2533E-02
  4.0988E-07  1.8563E+05  1.6912E+05  6.8568E-02
  4.1088E-07  1.8904E+05  1.6874E+05  7.0314E-02
  4.1188E-07  1.4002E+05  1.5075E+05  5.3526E-02
  4.1288E-07  1.5610E+05  1.4742E+05  5.9752E-02
  4.1388E-07  1.3652E+05  1.4091E+05  5.3356E-02
  4.1488E-07  1.3950E+05  1.4210E+05  5.5464E-02
  4.1588E-07  1.6193E+05  1.4864E+05  6.9868E-02
  4.1688E-07  1.4003E+05  1.4454E+05  5.6883E-02
  4.1788E-07  1.5316E+05  1.4700E+05  6.2343E-02
  4.1888E-07  1.4892E+05  1.4761E+05  6.2643E-02
  4.1988E-07  1.5437E+05  1.4912E+05  6.7545E-02
  4.2088E-07  1.4588E+05  1.4988E+05  6.1026E-02
  4.2187E-07  1.6735E+05  1.5935E+05  6.8680E-02
  4.2287E-07  1.7970E+05  1.6263E+05  7.3862E-02
  4.2387E-07  1.4399E+05  1.4997E+05  6.0434E-02
  4.2487E-07  1.3959E+05  1.4679E+05  5.9590E-02
  4.2587E-07  1.5509E+05  1.5772E+05  6.8218E-02
  4.2687E-07  1.9402E+05  1.7432E+05  8.3738E-02
  4.2787E-07  1.8279E+05  1.7082E+05  7.8453E-02
  4.2887E-07  1.4728E+05  1.5516E+05  6.4167E-02
  4.2987E-07  1.4227E+05  1.4932E+05  6.3385E-02
  4.3087E-07  1.3837E+05  1.5226E+05  6.1440E-02
  4.3187E-07  1.5002E+05  1.7384E+05  6.6694E-02
  4.3287E-07  2.3984E+05  2.2416E+05  1.0636E-01
  4.3387E-07  2.5863E+05  2.7855E+05  1.1571E-01
  4.3487E-07  5.0910E+05  3.4891E+05  2.3516E-01
  4.3587E-07  2.1499E+05  2.6620E+05  9.6383E-02
  4.3687E-07  2.3928E+05  2.4160E+05  1.0773E-01
  4.3787E-07  2.7563E+05  2.3918E+05  1.2525E-01
  4.3887E-07  1.6441E+05  2.0841E+05  7.5657E-02
  4.3987E-07  2.6268E+05  2.2309E+05  1.2113E-01
  4.4087E-07  1.7987E+05  2.0875E+05  8.3710E-02
  4.4187E-07  2.2225E+05  2.3644E+05  1.0387E-01
  4.4287E-07  3.9815E+05  2.8282E+05  1.9106E-01
  4.4387E-07  1.8780E+05  2.1434E+05  8.9171E-02
  4.4487E-07  1.6568E+05  1.7263E+05  7.9316E-02
  4.4587E-07  1.4419E+05  1.5343E+05  7.0058E-02
  4.4687E-07  1.4060E+05  1.4738E+05  6.8893E-02
  4.4787E-07  1.5925E+05  1.4936E+05  7.8099E-02
  4.4887E-07  1.4219E+05  1.4077E+05  7.0670E-02
  4.4987E-07  1.2732E+05  1.3086E+05  6.4263E-02
  4.5087E-07  1.2415E+05  1.2624E+05  6.3658E-02
  4.5187E-07  1.2287E+05  1.2520E+05  6.3276E-02
  4.5287E-07  1.2500E+05  1.2867E+05  6.4565E-02
  4.5387E-07  1.4346E+05  1.3818E+05  7.3970E-02
  4.5487E-07  1.5689E+05  1.4268E+05  8.1138E-02
  4.5587E-07  1.2534E+05  1.3386E+05  6.6055E-02
  4.5687E-07  1.2664E+05  1.4004E+05  6.7176E-02
  4.5786E-07  1.9286E+05  1.6688E+05  1.0144E-01
  4.5886E-07  1.9020E+05  1.7026E+05  1.0070E-01
  4.5986E-07  1.4679E+05  1.6018E+05  7.9029E-02
  4.6086E-07  2.1215E+05  1.6782E+05  1.1374E-01
  4.6186E-07  1.2620E+05  1.3585E+05  6.8435E-02
  4.6286E-07  1.0625E+05  1.1504E+05  5.8779E-02
  4.6386E-07  1.0697E+05  1.1042E+05  5.9437E-02
  4.6486E-07  1.0896E+05  1.1384E+05  6.0911E-02
  4.6586E-07  1.4589E+05  1.2160E+05  8.0285E-02
  4.6686E-07  9.7724E+04  1.0487E+05  5.5168E-02
  4.6786E-07  9.0021E+04  9.4910E+04  5.1481E-02
  4.6886E-07  8.8462E+04  9.2545E+04  5.1039E-02
  4.6986E-07  8.9705E+04  9.4511E+04  5.2163E-02
  4.7086E-07  9.5180E+04  1.0272E+05  5.5469E-02
  4.7186E-07  1.2087E+05  1.2321E+05  6.9930E-02
  4.7286E-07  1.7639E+05  1.4975E+05  1.0194E-01
  4.7386E-07  1.7519E+05  1.4914E+05  1.0206E-01
  4.7486E-07  1.0971E+05  1.2458E+05  6.5222E-02
  4.7586E-07  1.2150E+05  1.2143E+05  7.1980E-02
  4.7686E-07  1.3661E+05  1.2267E+05  8.1251E-02
  4.7786E-07  9.8467E+04  1.1055E+05  5.9747E-02
  4.7886E-07  1.0153E+05  1.1478E+05  6.1910E-02
  4.7986E-07  1.4649E+05  1.4249E+05  8.8191E-02
  4.8086E-07  2.2518E+05  1.6513E+05  1.3733E-01
  4.8186E-07  1.0996E+05  1.2648E+05  6.7528E-02
  4.8286E-07  9.2960E+04  1.0610E+05  5.7903E-02
  4.8386E-07  1.0009E+05  1.1100E+05  6.2586E-02
  4.8486E-07  1.5485E+05  1.2749E+05  9.6528E-02
  4.8586E-07  1.0358E+05  1.1789E+05  6.5620E-02
  4.8686E-07  1.2003E+05  1.2915E+05  7.6215E-02
  4.8786E-07  2.0509E+05  1.5508E+05  1.3122E-01
  4.8886E-07  1.3681E+05  1.3127E+05  8.8011E-02
  4.8986E-07  9.3366E+04  1.0205E+05  6.1179E-02
  4.9086E-07  8.3556E+04  8.8496E+04  5.5385E-02
  4.9186E-07  7.9504E+04  8.3972E+04  5.3181E-02
  4.9286E-07  8.7077E+04  8.4900E+04  5.8268E-02
  4.9385E-07  8.4983E+04  8.3715E+04  5.7308E-02
  4.9485E-07  7.8122E+04  8.2284E+04  5.3308E-02
  4.9585E-07  9.0886E+04  8.7863E+04  6.1855E-02
  4.9685E-07  1.0543E+05  9.1332E+04  7.1747E-02
  4.9785E-07  7.8167E+04  8.1053E+04  5.4412E-02
  4.9885E-07  7.1401E+04  7.5267E+04  5.0261E-02
  4.9985E-07  7.5403E+04  7.8203E+04  5.3241E-02
  5.0085E-07  9.9607E+04  8.5841E+04  6.9400E-02
  5.0185E-07  8.4804E+04  8.0214E+04  5.9901E-02
  5.0285E-07  6.8743E+04  7.0708E+04  4.9632E-02
  5.0385E-07  6.4310E+04  6.5930E+04  4.7090E-02
  5.0485E-07  6.2753E+04  6.6224E+04  4.5972E-02
  5.0585E-07  8.1641E+04  7.1447E+04  5.9144E-02
  5.0685E-07  7.0208E+04  6.7101E+04  5.1579E-02
  5.0785E-07  5.8586E+04  6.0048E+04  4.3874E-02
  5.0885E-07  5.5957E+04  5.6305E+04  4.2328E-02
  5.0985E-07  5.3619E+04  5.4325E+04  4.0647E-02
  5.1085E-07  5.3549E+04  5.3833E+04  4.0894E-02
  5.1185E-07  5.4241E+04  5.4565E+04  4.1719E-02
  5.1285E-07  5.6627E+04  5.7112E+04  4.3748E-02
  5.1385E-07  6.6135E+04  6.1817E+04  5.0947E-02
  5.1485E-07  7.0269E+04  6.3072E+04  5.4531E-02
  5.1585E-07  5.8052E+04  5.8137E+04  4.6261E-02
  5.1685E-07  5.5246E+04  5.4947E+04  4.4515E-02
  5.1785E-07  5.4545E+04  5.3571E+04  4.4307E-02
  5.1885E-07  5.3541E+04  5.2553E+04  4.4093E-02
  5.1985E-07  5.2609E+04  5.1670E+04  4.3314E-02
  5.2085E-07  5.2029E+04  5.1015E+04  4.3062E-02
  5.2185E-07  5.1600E+04  5.0506E+04  4.3041E-02
  5.2285E-07  5.1133E+04  5.0022E+04  4.2785E-02
  5.2385E-07  5.0590E+04  4.9543E+04  4.2499E-02
  5.2485E-07  5.0196E+04  4.9136E+04  4.2397E-02
  5.2585E-07  4.9877E+04  4.8785E+04  4.2300E-02
  5.2685E-07  4.9535E+04  4.8448E+04  4.2164E-02
  5.2785E-07  4.9227E+04  4.8116E+04  4.2099E-02
  5.2885E-07  4.8877E+04  4.7775E+04  4.2029E-02
  5.2984E-07  4.8486E+04  4.7458E+04  4.1928E-02
  5.3084E-07  4.8287E+04  4.7238E+04  4.1997E-02
  5.3184E-07  4.8190E+04  4.7092E+04  4.2147E-02
  5.3284E-07  4.8111E+04  4.6945E+04  4.2322E-02
  5.3384E-07  4.7812E+04  4.6710E+04  4.2339E-02
  5.3484E-07  4.7436E+04  4.6457E+04  4.2309E-02
  5.3584E-07  4.7314E+04  4.6315E+04  4.2494E-02
  5.3684E-07  4.7270E+04  4.6257E+04  4.2765E-02
  5.3784E-07  4.7260E+04  4.6250E+04  4.3062E-02
  5.3884E-07  4.7307E+04  4.6297E+04  4.3415E-02
  5.3984E-07  4.7434E+04  4.6410E+04  4.3868E-02
  5.4084E-07  4.7654E+04  4.6590E+04  4.4451E-02
  5.4184E-07  4.7947E+04  4.6796E+04  4.5146E-02
  5.4284E-07  4.8099E+04  4.6935E+04  4.5607E-02
  5.4384E-07  4.8019E+04  4.7021E+04  4.5839E-02
  5.4484E-07  4.8363E+04  4.7241E+04  4.6581E-02
  5.4584E-07  4.8610E+04  4.7491E+04  4.7151E-02
  5.4684E-07  4.8945E+04  4.7771E+04  4.7788E-02
  5.4784E-07  4.9242E+04  4.8074E+04  4.8559E-02
  5.4884E-07  4.9798E+04  4.8422E+04  4.9818E-02
  5.4984E-07  5.0108E+04  4.8589E+04  5.0855E-02
  5.5084E-07  4.9704E+04  4.8418E+04  5.0194E-02
  5.5184E-07  4.9314E+04  4.8163E+04  4.9826E-02
  5.5284E-07  4.9085E+04  4.7989E+04  4.9809E-02
  5.5384E-07  4.9047E+04  4.7944E+04  5.0055E-02
  5.5484E-07  4.9218E+04  4.8021E+04  5.0691E-02
  5.5584E-07  4.9521E+04  4.8103E+04  5.1980E-02
  5.5684E-07  4.9285E+04  4.7964E+04  5.1553E-02
  5.5784E-07  4.9051E+04  4.7686E+04  5.1447E-02
  5.5884E-07  4.8376E+04  4.7265E+04  5.1043E-02
  5.5984E-07  4.8170E+04  4.6951E+04  5.1240E-02
  5.6084E-07  4.7903E+04  4.6623E+04  5.1550E-02
  5.6184E-07  4.7407E+04  4.6168E+04  5.0890E-02
  5.6284E-07  4.6761E+04  4.5607E+04  5.0357E-02
  5.6384E-07  4.6015E+04  4.5046E+04  4.9913E-02
  5.6483E-07  4.5828E+04  4.4656E+04  5.0141E-02
  5.6583E-07  4.5432E+04  4.4174E+04  4.9861E-02
  5.6683E-07  4.4482E+04  4.3458E+04  4.9027E-02
  5.6783E-07  4.3690E+04  4.2702E+04  4.8494E-02
  5.6883E-07  4.2590E+04  4.1954E+04  4.7661E-02
  5.6983E-07  4.2264E+04  4.1539E+04  4.7644E-02
  5.7083E-07  4.2157E+04  4.1357E+04  4.7687E-02
  5.7183E-07  4.2153E+04  4.1285E+04  4.7866E-02
  5.7283E-07  4.2169E+04  4.1250E+04  4.8151E-02
  5.7383E-07  4.2125E+04  4.1206E+04  4.8517E-02
  5.7483E-07  4.2057E+04  4.1165E+04  4.8544E-02
  5.7583E-07  4.2054E+04  4.1165E+04  4.8732E-02
  5.7683E-07  4.2119E+04  4.1218E+04  4.9072E-02
  5.7783E-07  4.2213E+04  4.1308E+04  4.9425E-02
  5.7883E-07  4.2343E+04  4.1436E+04  4.9817E-02
  5.7983E-07  4.2521E+04  4.1605E+04  5.0290E-02
  5.8083E-07  4.2732E+04  4.1813E+04  5.0788E-02
  5.8183E-07  4.2993E+04  4.2068E+04  5.1370E-02
  5.8283E-07  4.3328E+04  4.2381E+04  5.2113E-02
  5.8383E-07  4.3714E+04  4.2738E+04  5.2907E-02
  5.8483E-07  4.4109E+04  4.3132E+04  5.3659E-02
  5.8583E-07  4.4608E+04  4.3593E+04  5.4675E-02
  5.8683E-07  4.5207E+04  4.4127E+04  5.5816E-02
  5.8783E-07  4.5935E+04  4.4706E+04  5.7341E-02
  5.8883E-07  4.6651E+04  4.5165E+04  5.9408E-02
  5.8983E-07  4.6494E+04  4.5249E+04  5.8802E-02
  5.9083E-07  4.6380E+04  4.5204E+04  5.8978E-02
  5.9183E-07  4.6217E+04  4.5119E+04  5.9029E-02
  5.9283E-07  4.6087E+04  4.5030E+04  5.9263E-02
  5.9383E-07  4.5913E+04  4.4950E+04  5.9115E-02
  5.9483E-07  4.5882E+04  4.4946E+04  5.9299E-02
  5.9583E-07  4.5916E+04  4.5033E+04  5.9615E-02
  5.9683E-07  4.6153E+04  4.5249E+04  6.0331E-02
  5.9783E-07  4.6432E+04  4.5574E+04  6.1144E-02
  5.9883E-07  4.6839E+04  4.6086E+04  6.2313E-02
  5.9983E-07  4.7826E+04  4.6948E+04  6.4186E-02
  6.0082E-07  4.9265E+04  4.8149E+04  6.6917E-02
  6.0182E-07  5.1172E+04  4.9548E+04  7.0764E-02
  6.0282E-07  5.2999E+04  5.0639E+04  7.5681E-02
  6.0382E-07  5.2916E+04  5.0638E+04  7.5790E-02
  6.0482E-07  5.1237E+04  4.9607E+04  7.2611E-02
  6.0582E-07  4.9315E+04  4.8214E+04  6.9571E-02
  6.0682E-07  4.7605E+04  4.6957E+04  6.6922E-02
  6.0782E-07  4.6584E+04  4.6195E+04  6.5570E-02
  6.0882E-07  4.6295E+04  4.6189E+04  6.5433E-02
  6.0982E-07  4.7546E+04  4.7504E+04  6.7474E-02
  6.1082E-07  5.3001E+04  5.0297E+04  7.4817E-02
  6.1182E-07  5.6510E+04  5.1252E+04  7.9562E-02
  6.1282E-07  4.7819E+04  4.7831E+04  6.8490E-02
  6.1382E-07  4.5851E+04  4.5645E+04  6.6291E-02
  6.1482E-07  4.5192E+04  4.4955E+04  6.5913E-02
  6.1582E-07  4.6045E+04  4.5410E+04  6.7384E-02
  6.1682E-07  4.9052E+04  4.6365E+04  7.1898E-02
  6.1782E-07  4.7735E+04  4.5523E+04  7.0268E-02
  6.1882E-07  4.3930E+04  4.3370E+04  6.5201E-02
  6.1982E-07  4.2267E+04  4.1806E+04  6.3185E-02
  6.2082E-07  4.1498E+04  4.0930E+04  6.2539E-02
  6.2182E-07  4.1043E+04  4.0442E+04  6.2193E-02
  6.2282E-07  4.0932E+04  4.0304E+04  6.2098E-02
  6.2382E-07  4.1800E+04  4.0441E+04  6.3507E-02
  6.2482E-07  4.1365E+04  4.0020E+04  6.3188E-02
  6.2582E-07  3.9648E+04  3.9071E+04  6.1044E-02
  6.2682E-07  3.9100E+04  3.8473E+04  6.0599E-02
  6.2782E-07  3.8909E+04  3.8198E+04  6.0722E-02
  6.2882E-07  3.8858E+04  3.8076E+04  6.1091E-02
  6.2982E-07  3.8876E+04  3.8016E+04  6.1672E-02
  6.3082E-07  3.8844E+04  3.7933E+04  6.2063E-02
  6.3182E-07  3.8645E+04  3.7792E+04  6.1739E-02
  6.3282E-07  3.8495E+04  3.7666E+04  6.1700E-02
  6.3382E-07  3.8415E+04  3.7584E+04  6.1845E-02
  6.3482E-07  3.8335E+04  3.7549E+04  6.2060E-02
  6.3581E-07  3.8430E+04  3.7608E+04  6.2606E-02
  6.3681E-07  3.8593E+04  3.7728E+04  6.3356E-02
  6.3781E-07  3.8751E+04  3.7879E+04  6.3938E-02
  6.3881E-07  3.9014E+04  3.8088E+04  6.4744E-02
  6.3981E-07  3.9434E+04  3.8302E+04  6.5755E-02
  6.4081E-07  3.9351E+04  3.8317E+04  6.6218E-02
  6.4181E-07  3.9285E+04  3.8222E+04  6.6847E-02
  6.4281E-07  3.8913E+04  3.8006E+04  6.6015E-02
  6.4381E-07  3.8695E+04  3.7811E+04  6.5741E-02
  6.4481E-07  3.8451E+04  3.7659E+04  6.5542E-02
  6.4581E-07  3.8379E+04  3.7651E+04  6.5696E-02
  6.4681E-07  3.8643E+04  3.7935E+04  6.6441E-02
  6.4781E-07  4.0034E+04  3.8490E+04  6.8864E-02
  6.4881E-07  3.9900E+04  3.8370E+04  6.8957E-02
  6.4981E-07  3.8265E+04  3.7591E+04  6.6657E-02
  6.5081E-07  3.7806E+04  3.7108E+04  6.6257E-02
  6.5181E-07  3.7614E+04  3.6881E+04  6.6310E-02
  6.5281E-07  3.7561E+04  3.6715E+04  6.6623E-02
  6.5381E-07  3.7065E+04  3.6461E+04  6.6154E-02
  6.5481E-07  3.6956E+04  3.6338E+04  6.6126E-02
  6.5581E-07  3.6895E+04  3.6317E+04  6.6344E-02
  6.5681E-07  3.6907E+04  3.6384E+04  6.6729E-02
  6.5781E-07  3.7026E+04  3.6571E+04  6.7335E-02
  6.5881E-07  3.7298E+04  3.6926E+04  6.8260E-02
  6.5981E-07  3.7710E+04  3.7531E+04  6.9535E-02
  6.6081E-07  3.8529E+04  3.8660E+04  7.1367E-02
  6.6181E-07  4.0364E+04  4.1008E+04  7.4775E-02
  6.6281E-07  4.5968E+04  4.6028E+04  8.4963E-02
  6.6381E-07  6.1312E+04  5.2562E+04  1.1294E-01
  6.6481E-07  5.6143E+04  5.1156E+04  1.0425E-01
  6.6581E-07  4.5136E+04  4.5809E+04  8.5159E-02
  6.6681E-07  4.3755E+04  4.3328E+04  8.3217E-02
  6.6781E-07  4.3709E+04  4.2484E+04  8.3364E-02
  6.6881E-07  4.4014E+04  4.1359E+04  8.4300E-02
  6.6981E-07  3.8236E+04  3.8380E+04  7.4425E-02
  6.7081E-07  3.6268E+04  3.6395E+04  7.1381E-02
  6.7180E-07  3.5732E+04  3.5545E+04  7.1093E-02
  6.7280E-07  3.5603E+04  3.5234E+04  7.1452E-02
  6.7380E-07  3.5729E+04  3.5225E+04  7.2507E-02
  6.7480E-07  3.6290E+04  3.5410E+04  7.4810E-02
  6.7580E-07  3.6596E+04  3.5364E+04  7.5890E-02
  6.7680E-07  3.5449E+04  3.4738E+04  7.3442E-02
  6.7780E-07  3.4675E+04  3.4094E+04  7.1877E-02
  6.7880E-07  3.4202E+04  3.3645E+04  7.1091E-02
  6.7980E-07  3.3901E+04  3.3387E+04  7.0774E-02
  6.8080E-07  3.3927E+04  3.3308E+04  7.1189E-02
  6.8180E-07  3.3802E+04  3.3287E+04  7.1433E-02
  6.8280E-07  3.3910E+04  3.3437E+04  7.2202E-02
  6.8380E-07  3.4325E+04  3.3861E+04  7.3586E-02
  6.8480E-07  3.5212E+04  3.4666E+04  7.6078E-02
  6.8580E-07  3.7143E+04  3.5772E+04  8.0848E-02
  6.8680E-07  3.7785E+04  3.6289E+04  8.3600E-02
  6.8780E-07  3.6973E+04  3.6113E+04  8.2476E-02
  6.8880E-07  3.6893E+04  3.5949E+04  8.2680E-02
  6.8980E-07  3.6388E+04  3.5756E+04  8.1859E-02
  6.9080E-07  3.6380E+04  3.5798E+04  8.2491E-02
  6.9180E-07  3.6783E+04  3.6140E+04  8.4291E-02
  6.9280E-07  3.7470E+04  3.6714E+04  8.7064E-02
  6.9380E-07  3.8373E+04  3.7430E+04  9.0980E-02
  6.9480E-07  3.9233E+04  3.8148E+04  9.4499E-02
  6.9580E-07  4.0231E+04  3.8695E+04  9.9865E-02
  6.9680E-07  3.9804E+04  3.8605E+04  1.0163E-01
  6.9780E-07  3.9045E+04  3.8234E+04  9.6127E-02
  6.9880E-07  3.8773E+04  3.8027E+04  9.4408E-02
  6.9980E-07  3.8706E+04  3.8051E+04  9.4064E-02
  7.0080E-07  3.9125E+04  3.8404E+04  9.5504E-02
  7.0180E-07  4.0046E+04  3.9075E+04  9.8961E-02
  7.0280E-07  4.1365E+04  3.9779E+04  1.0516E-01
  7.0380E-07  4.1250E+04  3.9906E+04  1.0459E-01
  7.0480E-07  4.0910E+04  3.9766E+04  1.0447E-01
  7.0579E-07  4.0944E+04  3.9703E+04  1.0720E-01
  7.0679E-07  4.1456E+04  3.9513E+04  1.1592E-01
  7.0779E-07  3.9617E+04  3.8420E+04  1.0407E-01
  7.0879E-07  3.8184E+04  3.7084E+04  9.8597E-02
  7.0979E-07  3.6191E+04  3.5660E+04  9.2475E-02
  7.1079E-07  3.5235E+04  3.4607E+04  8.9947E-02
  7.1179E-07  3.4286E+04  3.3762E+04  8.7354E-02
  7.1279E-07  3.3662E+04  3.3123E+04  8.5973E-02
  7.1379E-07  3.3168E+04  3.2647E+04  8.5031E-02
  7.1479E-07  3.2904E+04  3.2309E+04  8.5235E-02
  7.1579E-07  3.2579E+04  3.2020E+04  8.4227E-02
  7.1679E-07  3.2350E+04  3.1799E+04  8.3662E-02
  7.1779E-07  3.2157E+04  3.1662E+04  8.3460E-02
  7.1879E-07  3.2176E+04  3.1674E+04  8.3972E-02
  7.1979E-07  3.2373E+04  3.1838E+04  8.5138E-02
  7.2079E-07  3.2715E+04  3.2124E+04  8.6996E-02
  7.2179E-07  3.3076E+04  3.2516E+04  8.7886E-02
  7.2279E-07  3.3868E+04  3.3053E+04  9.0291E-02
  7.2379E-07  3.4318E+04  3.3457E+04  9.2079E-02
  7.2479E-07  3.4205E+04  3.3684E+04  9.2779E-02
  7.2579E-07  3.4643E+04  3.4117E+04  9.5163E-02
  7.2679E-07  3.5433E+04  3.4763E+04  9.9111E-02
  7.2779E-07  3.6106E+04  3.5438E+04  1.0169E-01
  7.2879E-07  3.6738E+04  3.6145E+04  1.0346E-01
  7.2979E-07  3.7639E+04  3.6970E+04  1.0668E-01
  7.3079E-07  3.8351E+04  3.7879E+04  1.0983E-01
  7.3179E-07  3.9702E+04  3.9103E+04  1.1485E-01
  7.3279E-07  4.1253E+04  4.0568E+04  1.2046E-01
  7.3379E-07  4.2859E+04  4.2290E+04  1.2693E-01
  7.3479E-07  4.5509E+04  4.4540E+04  1.3787E-01
  7.3579E-07  4.8519E+04  4.7113E+04  1.5090E-01
  7.3679E-07  5.1937E+04  4.9675E+04  1.6778E-01
  7.3779E-07  5.4354E+04  5.1336E+04  1.8251E-01
  7.3879E-07  5.3739E+04  5.1225E+04  1.8254E-01
  7.3979E-07  5.1060E+04  4.9864E+04  1.6554E-01
  7.4079E-07  4.9274E+04  4.8624E+04  1.5677E-01
  7.4178E-07  4.8429E+04  4.7946E+04  1.5289E-01
  7.4278E-07  4.8010E+04  4.7783E+04  1.5147E-01
  7.4378E-07  4.8448E+04  4.8250E+04  1.5356E-01
  7.4478E-07  4.9457E+04  4.9356E+04  1.5711E-01
  7.4578E-07  5.1479E+04  5.1219E+04  1.6531E-01
  7.4678E-07  5.4085E+04  5.3869E+04  1.7671E-01
  7.4778E-07  5.8511E+04  5.7623E+04  1.9670E-01
  7.4878E-07  6.4082E+04  6.2187E+04  2.2477E-01
  7.4978E-07  7.0445E+04  6.6797E+04  2.6507E-01
  7.5078E-07  7.4846E+04  6.9702E+04  2.9947E-01
  7.5178E-07  7.3855E+04  6.9248E+04  2.9315E-01
  7.5278E-07  6.8234E+04  6.6034E+04  2.4938E-01
  7.5378E-07  6.3536E+04  6.2566E+04  2.2407E-01
  7.5478E-07  6.0218E+04  5.9961E+04  2.0885E-01
  7.5578E-07  5.8525E+04  5.8577E+04  2.0199E-01
  7.5678E-07  5.8451E+04  5.8504E+04  2.0250E-01
  7.5778E-07  5.9988E+04  5.9658E+04  2.1007E-01
  7.5878E-07  6.2652E+04  6.1644E+04  2.2340E-01
  7.5978E-07  6.5138E+04  6.3904E+04  2.3880E-01
  7.6078E-07  6.8077E+04  6.6486E+04  2.5932E-01
  7.6178E-07  7.1823E+04  6.9408E+04  2.8859E-01
  7.6278E-07  7.5945E+04  7.2044E+04  3.3230E-01
  7.6378E-07  7.7755E+04  7.2754E+04  3.6748E-01
  7.6478E-07  7.3457E+04  7.0458E+04  3.0892E-01
  7.6578E-07  6.9388E+04  6.7282E+04  2.7743E-01
  7.6678E-07  6.5766E+04  6.4224E+04  2.5547E-01
  7.6778E-07  6.2766E+04  6.1575E+04  2.3990E-01
  7.6878E-07  6.0500E+04  5.9466E+04  2.2997E-01
  7.6978E-07  5.8972E+04  5.7911E+04  2.2527E-01
  7.7078E-07  5.8098E+04  5.6804E+04  2.2582E-01
  7.7178E-07  5.7598E+04  5.5823E+04  2.3299E-01
  7.7278E-07  5.6389E+04  5.4317E+04  2.3269E-01
  7.7378E-07  5.3161E+04  5.1921E+04  2.0767E-01
  7.7478E-07  5.0346E+04  4.9448E+04  1.9152E-01
  7.7578E-07  4.7898E+04  4.7217E+04  1.7924E-01
  7.7677E-07  4.5833E+04  4.5296E+04  1.6972E-01
  7.7777E-07  4.4158E+04  4.3713E+04  1.6249E-01
  7.7877E-07  4.2865E+04  4.2478E+04  1.5723E-01
  7.7977E-07  4.1936E+04  4.1580E+04  1.5374E-01
  7.8077E-07  4.1333E+04  4.1001E+04  1.5165E-01
  7.8177E-07  4.1052E+04  4.0733E+04  1.5102E-01
  7.8277E-07  4.1084E+04  4.0765E+04  1.5180E-01
  7.8377E-07  4.1427E+04  4.1097E+04  1.5398E-01
  7.8477E-07  4.2090E+04  4.1728E+04  1.5764E-01
  7.8577E-07  4.3052E+04  4.2652E+04  1.6280E-01
  7.8677E-07  4.4365E+04  4.3872E+04  1.6993E-01
  7.8777E-07  4.5873E+04  4.5347E+04  1.7766E-01
  7.8877E-07  4.7728E+04  4.7106E+04  1.8781E-01
  7.8977E-07  4.9843E+04  4.9141E+04  1.9910E-01
  7.9077E-07  5.2301E+04  5.1476E+04  2.1275E-01
  7.9177E-07  5.5150E+04  5.4120E+04  2.2978E-01
  7.9277E-07  5.8345E+04  5.7028E+04  2.5079E-01
  7.9377E-07  6.1833E+04  6.0075E+04  2.7793E-01
  7.9477E-07  6.5501E+04  6.2784E+04  3.3094E-01
  7.9577E-07  6.6036E+04  6.4231E+04  3.0573E-01
  7.9677E-07  6.6828E+04  6.5404E+04  3.0480E-01
  7.9777E-07  6.8106E+04  6.6837E+04  3.1187E-01
  7.9877E-07  6.9910E+04  6.8643E+04  3.2582E-01
  7.9977E-07  7.2255E+04  7.0795E+04  3.4820E-01
  8.0077E-07  7.4905E+04  7.3015E+04  3.8228E-01
  8.0177E-07  7.6451E+04  7.4818E+04  3.9124E-01
  8.0277E-07  7.7648E+04  7.6502E+04  3.8343E-01
  8.0377E-07  7.9733E+04  7.8699E+04  3.9234E-01
  8.0477E-07  8.2808E+04  8.1655E+04  4.1190E-01
  8.0577E-07  8.6891E+04  8.5418E+04  4.4209E-01
  8.0677E-07  9.2011E+04  8.9943E+04  4.8494E-01
  8.0777E-07  9.7990E+04  9.5012E+04  5.4327E-01
  8.0877E-07  1.0432E+05  1.0013E+05  6.2108E-01
  8.0977E-07  1.1003E+05  1.0447E+05  7.2857E-01
  8.1077E-07  1.1353E+05  1.0682E+05  8.5683E-01
  8.1176E-07  1.1249E+05  1.0619E+05  9.4117E-01
  8.1276E-07  1.0904E+05  1.0294E+05  7.3492E-01
  8.1376E-07  1.0149E+05  9.7156E+04  6.1596E-01
  8.1476E-07  9.3327E+04  9.0313E+04  5.2787E-01
  8.1576E-07  8.5375E+04  8.3388E+04  4.5891E-01
  8.1676E-07  7.8045E+04  7.6899E+04  4.0412E-01
  8.1776E-07  7.1907E+04  7.1192E+04  3.6243E-01
  8.1876E-07  6.6625E+04  6.6290E+04  3.2959E-01
  8.1976E-07  6.2405E+04  6.2238E+04  3.0502E-01
  8.2076E-07  5.9044E+04  5.8996E+04  2.8672E-01
  8.2176E-07  5.6652E+04  5.6535E+04  2.7456E-01
  8.2276E-07  5.4931E+04  5.4717E+04  2.6699E-01
  8.2376E-07  5.3782E+04  5.3416E+04  2.6352E-01
  8.2476E-07  5.2981E+04  5.2520E+04  2.6331E-01
  8.2576E-07  5.2755E+04  5.1977E+04  2.6936E-01
  8.2676E-07  5.2462E+04  5.1471E+04  2.7363E-01
  8.2776E-07  5.1513E+04  5.0808E+04  2.6062E-01
  8.2876E-07  5.0933E+04  5.0318E+04  2.5492E-01
  8.2976E-07  5.0707E+04  5.0132E+04  2.5293E-01
  8.3076E-07  5.0841E+04  5.0274E+04  2.5401E-01
  8.3176E-07  5.1348E+04  5.0757E+04  2.5804E-01
  8.3276E-07  5.2238E+04  5.1585E+04  2.6507E-01
  8.3376E-07  5.3510E+04  5.2755E+04  2.7524E-01
  8.3476E-07  5.5153E+04  5.4247E+04  2.8875E-01
  8.3576E-07  5.7134E+04  5.6026E+04  3.0586E-01
  8.3676E-07  5.9401E+04  5.8035E+04  3.2692E-01
  8.3776E-07  6.1877E+04  6.0190E+04  3.5250E-01
  8.3876E-07  6.4452E+04  6.2372E+04  3.8365E-01
  8.3976E-07  6.6998E+04  6.4381E+04  4.2345E-01
  8.4076E-07  6.9034E+04  6.5786E+04  4.9919E-01
  8.4176E-07  6.9323E+04  6.6018E+04  4.7851E-01
  8.4276E-07  6.8223E+04  6.4998E+04  4.7625E-01
  8.4376E-07  6.5241E+04  6.2808E+04  4.1538E-01
  8.4476E-07  6.2113E+04  6.0173E+04  3.7701E-01
  8.4576E-07  5.9063E+04  5.7476E+04  3.4710E-01
  8.4675E-07  5.6188E+04  5.4867E+04  3.2282E-01
  8.4775E-07  5.3557E+04  5.2429E+04  3.0307E-01
  8.4875E-07  5.1211E+04  5.0207E+04  2.8737E-01
  8.4975E-07  4.9161E+04  4.8215E+04  2.7542E-01
  8.5075E-07  4.7417E+04  4.6430E+04  2.6765E-01
  8.5175E-07  4.5880E+04  4.4712E+04  2.6621E-01
  8.5275E-07  4.3841E+04  4.2785E+04  2.5059E-01
  8.5375E-07  4.1488E+04  4.0705E+04  2.2985E-01
  8.5475E-07  3.9375E+04  3.8717E+04  2.1411E-01
  8.5575E-07  3.7480E+04  3.6902E+04  2.0116E-01
  8.5675E-07  3.5796E+04  3.5272E+04  1.9032E-01
  8.5775E-07  3.4321E+04  3.3832E+04  1.8128E-01
  8.5875E-07  3.3057E+04  3.2581E+04  1.7391E-01
  8.5975E-07  3.2004E+04  3.1510E+04  1.6817E-01
  8.6075E-07  3.1132E+04  3.0585E+04  1.6390E-01
  8.6175E-07  3.0332E+04  2.9730E+04  1.5977E-01
  8.6275E-07  2.9443E+04  2.8880E+04  1.5467E-01
  8.6375E-07  2.8588E+04  2.8072E+04  1.5005E-01
  8.6475E-07  2.7878E+04  2.7364E+04  1.4682E-01
  8.6575E-07  2.7320E+04  2.6769E+04  1.4512E-01
  8.6675E-07  2.6965E+04  2.6211E+04  1.4798E-01
  8.6775E-07  2.6023E+04  2.5468E+04  1.3857E-01
  8.6875E-07  2.5230E+04  2.4730E+04  1.3316E-01
  8.6975E-07  2.4533E+04  2.4065E+04  1.2891E-01
  8.7075E-07  2.3922E+04  2.3473E+04  1.2543E-01
  8.7175E-07  2.3390E+04  2.2954E+04  1.2257E-01
  8.7275E-07  2.2933E+04  2.2501E+04  1.2024E-01
  8.7375E-07  2.2542E+04  2.2110E+04  1.1837E-01
  8.7475E-07  2.2211E+04  2.1773E+04  1.1694E-01
  8.7575E-07  2.1932E+04  2.1476E+04  1.1597E-01
  8.7675E-07  2.1652E+04  2.1198E+04  1.1468E-01
  8.7775E-07  2.1380E+04  2.0936E+04  1.1330E-01
  8.7875E-07  2.1143E+04  2.0701E+04  1.1225E-01
  8.7975E-07  2.0936E+04  2.0491E+04  1.1147E-01
  8.8075E-07  2.0734E+04  2.0298E+04  1.1052E-01
  8.8174E-07  2.0558E+04  2.0128E+04  1.0978E-01
  8.8274E-07  2.0411E+04  1.9985E+04  1.0926E-01
  8.8374E-07  2.0294E+04  1.9869E+04  1.0894E-01
  8.8474E-07  2.0204E+04  1.9780E+04  1.0880E-01
  8.8574E-07  2.0141E+04  1.9715E+04  1.0883E-01
  8.8674E-07  2.0093E+04  1.9670E+04  1.0898E-01
  8.8774E-07  2.0066E+04  1.9645E+04  1.0927E-01
  8.8874E-07  2.0053E+04  1.9641E+04  1.0967E-01
  8.8974E-07  2.0075E+04  1.9670E+04  1.1029E-01
  8.9074E-07  2.0153E+04  1.9740E+04  1.1124E-01
  8.9174E-07  2.0274E+04  1.9845E+04  1.1245E-01
  8.9274E-07  2.0413E+04  1.9965E+04  1.1382E-01
  8.9374E-07  2.0501E+04  2.0081E+04  1.1498E-01
  8.9474E-07  2.0634E+04  2.0226E+04  1.1645E-01
  8.9574E-07  2.0832E+04  2.0417E+04  1.1833E-01
  8.9674E-07  2.1067E+04  2.0648E+04  1.2047E-01
  8.9774E-07  2.1341E+04  2.0912E+04  1.2289E-01
  8.9874E-07  2.1622E+04  2.1200E+04  1.2547E-01
  8.9974E-07  2.1931E+04  2.1526E+04  1.2835E-01
  9.0074E-07  2.2356E+04  2.1902E+04  1.3202E-01
  9.0174E-07  2.2672E+04  2.2287E+04  1.3531E-01
  9.0274E-07  2.3164E+04  2.2763E+04  1.3979E-01
  9.0374E-07  2.3782E+04  2.3338E+04  1.4528E-01
  9.0474E-07  2.4470E+04  2.3986E+04  1.5152E-01
  9.0574E-07  2.5227E+04  2.4692E+04  1.5868E-01
  9.0674E-07  2.6033E+04  2.5447E+04  1.6652E-01
  9.0774E-07  2.6897E+04  2.6246E+04  1.7551E-01
  9.0874E-07  2.7805E+04  2.7079E+04  1.8559E-01
  9.0974E-07  2.8768E+04  2.7940E+04  1.9757E-01
  9.1074E-07  2.9796E+04  2.8809E+04  2.1259E-01
  9.1174E-07  3.0956E+04  2.9550E+04  2.3540E-01
  9.1274E-07  3.1181E+04  2.9708E+04  2.4072E-01
  9.1374E-07  3.0218E+04  2.9221E+04  2.1991E-01
  9.1474E-07  2.9442E+04  2.8602E+04  2.0837E-01
  9.1574E-07  2.8750E+04  2.8007E+04  2.0018E-01
  9.1673E-07  2.8137E+04  2.7462E+04  1.9411E-01
  9.1773E-07  2.7621E+04  2.6983E+04  1.8984E-01
  9.1873E-07  2.7201E+04  2.6572E+04  1.8725E-01
  9.1973E-07  2.6862E+04  2.6220E+04  1.8608E-01
  9.2073E-07  2.6575E+04  2.5910E+04  1.8580E-01
  9.2173E-07  2.6403E+04  2.5610E+04  1.8879E-01
  9.2273E-07  2.6062E+04  2.5150E+04  1.9019E-01
  9.2373E-07  2.5035E+04  2.4386E+04  1.7592E-01
  9.2473E-07  2.4138E+04  2.3580E+04  1.6665E-01
  9.2573E-07  2.3323E+04  2.2818E+04  1.5923E-01
  9.2673E-07  2.2580E+04  2.2109E+04  1.5302E-01
  9.2773E-07  2.1890E+04  2.1452E+04  1.4769E-01
  9.2873E-07  2.1277E+04  2.0850E+04  1.4334E-01
  9.2973E-07  2.0690E+04  2.0288E+04  1.3900E-01
  9.3073E-07  2.0158E+04  1.9773E+04  1.3502E-01
  9.3173E-07  1.9682E+04  1.9308E+04  1.3169E-01
  9.3273E-07  1.9262E+04  1.8894E+04  1.2895E-01
  9.3373E-07  1.8897E+04  1.8527E+04  1.2677E-01
  9.3473E-07  1.8587E+04  1.8200E+04  1.2528E-01
  9.3573E-07  1.8288E+04  1.7887E+04  1.2378E-01
  9.3673E-07  1.7938E+04  1.7566E+04  1.2076E-01
  9.3773E-07  1.7636E+04  1.7265E+04  1.1854E-01
  9.3873E-07  1.7329E+04  1.6984E+04  1.1647E-01
  9.3973E-07  1.7097E+04  1.6738E+04  1.1498E-01
  9.4073E-07  1.6847E+04  1.6509E+04  1.1345E-01
  9.4173E-07  1.6648E+04  1.6313E+04  1.1230E-01
  9.4273E-07  1.6486E+04  1.6148E+04  1.1143E-01
  9.4373E-07  1.6343E+04  1.6007E+04  1.1072E-01
  9.4473E-07  1.6224E+04  1.5889E+04  1.1021E-01
  9.4573E-07  1.6129E+04  1.5793E+04  1.0988E-01
  9.4673E-07  1.6055E+04  1.5718E+04  1.0972E-01
  9.4773E-07  1.6000E+04  1.5663E+04  1.0971E-01
  9.4873E-07  1.5964E+04  1.5625E+04  1.0986E-01
  9.4973E-07  1.5945E+04  1.5605E+04  1.1015E-01
  9.5073E-07  1.5944E+04  1.5599E+04  1.1060E-01
  9.5172E-07  1.5942E+04  1.5605E+04  1.1107E-01
  9.5272E-07  1.5974E+04  1.5633E+04  1.1182E-01
  9.5372E-07  1.6024E+04  1.5679E+04  1.1272E-01
  9.5472E-07  1.6091E+04  1.5739E+04  1.1380E-01
  9.5572E-07  1.6175E+04  1.5805E+04  1.1505E-01
  9.5672E-07  1.6192E+04  1.5863E+04  1.1579E-01
  9.5772E-07  1.6312E+04  1.5962E+04  1.1744E-01
  9.5872E-07  1.6451E+04  1.6088E+04  1.1932E-01
  9.5972E-07  1.6607E+04  1.6231E+04  1.2146E-01
  9.6072E-07  1.6779E+04  1.6387E+04  1.2387E-01
  9.6172E-07  1.6960E+04  1.6551E+04  1.2655E-01
  9.6272E-07  1.7148E+04  1.6722E+04  1.2960E-01
  9.6372E-07  1.7354E+04  1.6903E+04  1.3328E-01
  9.6472E-07  1.7591E+04  1.7096E+04  1.3820E-01
  9.6572E-07  1.7955E+04  1.7235E+04  1.5007E-01
  9.6672E-07  1.7595E+04  1.7093E+04  1.3968E-01
  9.6772E-07  1.7334E+04  1.6886E+04  1.3547E-01
  9.6872E-07  1.7111E+04  1.6691E+04  1.3265E-01
  9.6972E-07  1.6911E+04  1.6510E+04  1.3051E-01
  9.7072E-07  1.6731E+04  1.6345E+04  1.2883E-01
  9.7172E-07  1.6571E+04  1.6194E+04  1.2753E-01
  9.7272E-07  1.6430E+04  1.6060E+04  1.2656E-01
  9.7372E-07  1.6309E+04  1.5943E+04  1.2589E-01
  9.7472E-07  1.6208E+04  1.5843E+04  1.2555E-01
  9.7572E-07  1.6130E+04  1.5762E+04  1.2555E-01
  9.7672E-07  1.6079E+04  1.5700E+04  1.2602E-01
  9.7772E-07  1.6070E+04  1.5653E+04  1.2734E-01
  9.7872E-07  1.6050E+04  1.5574E+04  1.2852E-01
  9.7972E-07  1.5823E+04  1.5398E+04  1.2514E-01
  9.8072E-07  1.5563E+04  1.5178E+04  1.2257E-01
  9.8172E-07  1.5332E+04  1.4960E+04  1.2052E-01
  9.8272E-07  1.5130E+04  1.4737E+04  1.1886E-01
  9.8372E-07  1.4771E+04  1.4481E+04  1.1584E-01
  9.8472E-07  1.4602E+04  1.4285E+04  1.1459E-01
  9.8572E-07  1.4443E+04  1.4121E+04  1.1348E-01
  9.8671E-07  1.4295E+04  1.3968E+04  1.1250E-01
  9.8771E-07  1.4156E+04  1.3809E+04  1.1161E-01
  9.8871E-07  1.3901E+04  1.3623E+04  1.0967E-01
  9.8971E-07  1.3777E+04  1.3479E+04  1.0895E-01
  9.9071E-07  1.3659E+04  1.3357E+04  1.0828E-01
  9.9171E-07  1.3546E+04  1.3242E+04  1.0768E-01
  9.9271E-07  1.3437E+04  1.3133E+04  1.0712E-01
  9.9371E-07  1.3332E+04  1.3027E+04  1.0659E-01
  9.9471E-07  1.3229E+04  1.2925E+04  1.0609E-01
  9.9571E-07  1.3129E+04  1.2826E+04  1.0563E-01
  9.9671E-07  1.3031E+04  1.2729E+04  1.0518E-01
  9.9771E-07  1.2936E+04  1.2636E+04  1.0477E-01
  9.9871E-07  1.2844E+04  1.2544E+04  1.0437E-01
  9.9971E-07  1.2753E+04  1.2455E+04  1.0400E-01
  1.0007E-06  1.2665E+04  1.2367E+04  1.0364E-01
  1.0017E-06  1.2578E+04  1.2280E+04  1.0330E-01
  1.0027E-06  1.2492E+04  1.2193E+04  1.0297E-01
  1.0037E-06  1.2408E+04  1.2099E+04  1.0265E-01
  1.0047E-06  1.2258E+04  1.1987E+04  1.0169E-01
  1.0057E-06  1.2181E+04  1.1896E+04  1.0143E-01
  1.0067E-06  1.2108E+04  1.1801E+04  1.0120E-01
  1.0077E-06  1.1923E+04  1.1677E+04  9.9873E-02
  1.0087E-06  1.1840E+04  1.1585E+04  9.9563E-02
  1.0097E-06  1.1777E+04  1.1516E+04  9.9415E-02
  1.0107E-06  1.1718E+04  1.1455E+04  9.9297E-02
  1.0117E-06  1.1663E+04  1.1400E+04  9.9209E-02
  1.0127E-06  1.1612E+04  1.1348E+04  9.9153E-02
  1.0137E-06  1.1564E+04  1.1301E+04  9.9126E-02
  1.0147E-06  1.1519E+04  1.1257E+04  9.9129E-02
  1.0157E-06  1.1479E+04  1.1216E+04  9.9165E-02
  1.0167E-06  1.1441E+04  1.1179E+04  9.9228E-02
  1.0177E-06  1.1407E+04  1.1146E+04  9.9325E-02
  1.0187E-06  1.1377E+04  1.1116E+04  9.9452E-02
  1.0197E-06  1.1349E+04  1.1089E+04  9.9609E-02
  1.0207E-06  1.1325E+04  1.1065E+04  9.9796E-02
  1.0217E-06  1.1305E+04  1.1045E+04  1.0002E-01
  1.0227E-06  1.1287E+04  1.1028E+04  1.0026E-01
  1.0237E-06  1.1273E+04  1.1014E+04  1.0055E-01
  1.0247E-06  1.1261E+04  1.1003E+04  1.0086E-01
  1.0257E-06  1.1253E+04  1.0995E+04  1.0121E-01
  1.0267E-06  1.1249E+04  1.0991E+04  1.0160E-01
  1.0277E-06  1.1247E+04  1.0990E+04  1.0202E-01
  1.0287E-06  1.1250E+04  1.0993E+04  1.0249E-01
  1.0297E-06  1.1256E+04  1.1000E+04  1.0300E-01
  1.0307E-06  1.1267E+04  1.1011E+04  1.0356E-01
  1.0317E-06  1.1281E+04  1.1026E+04  1.0417E-01
  1.0327E-06  1.1301E+04  1.1046E+04  1.0485E-01
  1.0337E-06  1.1326E+04  1.1071E+04  1.0559E-01
  1.0347E-06  1.1357E+04  1.1102E+04  1.0640E-01
  1.0357E-06  1.1394E+04  1.1138E+04  1.0729E-01
  1.0367E-06  1.1438E+04  1.1181E+04  1.0827E-01
  1.0377E-06  1.1488E+04  1.1229E+04  1.0935E-01
  1.0387E-06  1.1545E+04  1.1285E+04  1.1053E-01
  1.0397E-06  1.1610E+04  1.1346E+04  1.1183E-01
  1.0407E-06  1.1682E+04  1.1414E+04  1.1325E-01
  1.0417E-06  1.1761E+04  1.1488E+04  1.1481E-01
  1.0427E-06  1.1846E+04  1.1568E+04  1.1652E-01
  1.0437E-06  1.1938E+04  1.1652E+04  1.1840E-01
  1.0447E-06  1.2035E+04  1.1739E+04  1.2050E-01
  1.0457E-06  1.2140E+04  1.1829E+04  1.2295E-01
  1.0467E-06  1.2261E+04  1.1907E+04  1.2635E-01
  1.0477E-06  1.2271E+04  1.1929E+04  1.2732E-01
  1.0487E-06  1.2231E+04  1.1913E+04  1.2633E-01
  1.0497E-06  1.2203E+04  1.1888E+04  1.2623E-01
  1.0507E-06  1.2178E+04  1.1851E+04  1.2681E-01
  1.0517E-06  1.2086E+04  1.1786E+04  1.2511E-01
  1.0527E-06  1.2001E+04  1.1713E+04  1.2406E-01
  1.0537E-06  1.1923E+04  1.1644E+04  1.2326E-01
  1.0547E-06  1.1852E+04  1.1579E+04  1.2266E-01
  1.0557E-06  1.1788E+04  1.1520E+04  1.2223E-01
  1.0567E-06  1.1733E+04  1.1468E+04  1.2198E-01
  1.0577E-06  1.1687E+04  1.1424E+04  1.2189E-01
  1.0587E-06  1.1650E+04  1.1387E+04  1.2196E-01
  1.0597E-06  1.1621E+04  1.1358E+04  1.2219E-01
  1.0607E-06  1.1600E+04  1.1336E+04  1.2259E-01
  1.0617E-06  1.1587E+04  1.1320E+04  1.2314E-01
  1.0627E-06  1.1581E+04  1.1310E+04  1.2385E-01
  1.0637E-06  1.1580E+04  1.1304E+04  1.2475E-01
  1.0647E-06  1.1585E+04  1.1302E+04  1.2587E-01
  1.0657E-06  1.1595E+04  1.1301E+04  1.2730E-01
  1.0667E-06  1.1615E+04  1.1292E+04  1.2941E-01
  1.0677E-06  1.1582E+04  1.1242E+04  1.3026E-01
  1.0687E-06  1.1429E+04  1.1132E+04  1.2709E-01
  1.0697E-06  1.1287E+04  1.1006E+04  1.2485E-01
  1.0707E-06  1.1151E+04  1.0881E+04  1.2299E-01
  1.0717E-06  1.1020E+04  1.0757E+04  1.2135E-01
  1.0727E-06  1.0893E+04  1.0637E+04  1.1988E-01
  1.0737E-06  1.0770E+04  1.0521E+04  1.1853E-01
  1.0747E-06  1.0653E+04  1.0408E+04  1.1730E-01
  1.0757E-06  1.0541E+04  1.0300E+04  1.1617E-01
  1.0767E-06  1.0434E+04  1.0197E+04  1.1514E-01
  1.0777E-06  1.0332E+04  1.0099E+04  1.1420E-01
  1.0787E-06  1.0237E+04  1.0006E+04  1.1335E-01
  1.0797E-06  1.0146E+04  9.9181E+03  1.1258E-01
  1.0807E-06  1.0062E+04  9.8354E+03  1.1189E-01
  1.0817E-06  9.9826E+03  9.7577E+03  1.1128E-01
  1.0827E-06  9.9085E+03  9.6850E+03  1.1074E-01
  1.0837E-06  9.8394E+03  9.6171E+03  1.1026E-01
  1.0847E-06  9.7751E+03  9.5538E+03  1.0985E-01
  1.0857E-06  9.7152E+03  9.4948E+03  1.0950E-01
  1.0867E-06  9.6595E+03  9.4400E+03  1.0920E-01
  1.0877E-06  9.6078E+03  9.3890E+03  1.0895E-01
  1.0887E-06  9.5599E+03  9.3417E+03  1.0876E-01
  1.0897E-06  9.5155E+03  9.2978E+03  1.0861E-01
  1.0907E-06  9.4744E+03  9.2571E+03  1.0851E-01
  1.0917E-06  9.4364E+03  9.2194E+03  1.0845E-01
  1.0927E-06  9.4013E+03  9.1845E+03  1.0844E-01
  1.0937E-06  9.3691E+03  9.1522E+03  1.0847E-01
  1.0947E-06  9.3398E+03  9.1217E+03  1.0857E-01
  1.0957E-06  9.3092E+03  9.0917E+03  1.0858E-01
  1.0967E-06  9.2790E+03  9.0621E+03  1.0856E-01
  1.0977E-06  9.2512E+03  9.0325E+03  1.0860E-01
  1.0987E-06  9.2140E+03  9.0005E+03  1.0855E-01
  1.0997E-06  9.1810E+03  8.9707E+03  1.0856E-01
  1.1007E-06  9.1590E+03  8.9467E+03  1.0870E-01
  1.1017E-06  9.1385E+03  8.9254E+03  1.0888E-01
  1.1027E-06  9.1196E+03  8.9056E+03  1.0908E-01
  1.1037E-06  9.1022E+03  8.8867E+03  1.0932E-01
  1.1047E-06  9.0862E+03  8.8671E+03  1.0960E-01
  1.1057E-06  9.0585E+03  8.8435E+03  1.0977E-01
  1.1067E-06  9.0348E+03  8.8213E+03  1.1005E-01
  1.1077E-06  9.0256E+03  8.8021E+03  1.1066E-01
  1.1087E-06  8.9955E+03  8.7756E+03  1.1044E-01
  1.1097E-06  8.9637E+03  8.7451E+03  1.1023E-01
  1.1107E-06  8.9343E+03  8.7137E+03  1.1012E-01
  1.1117E-06  8.9067E+03  8.6768E+03  1.1008E-01
  1.1127E-06  8.8376E+03  8.6264E+03  1.0958E-01
  1.1137E-06  8.8134E+03  8.5771E+03  1.0961E-01
  1.1147E-06  8.7246E+03  8.4971E+03  1.0891E-01
  1.1157E-06  8.5737E+03  8.3876E+03  1.0751E-01
  1.1167E-06  8.4423E+03  8.2938E+03  1.0633E-01
  1.1177E-06  8.4261E+03  8.2519E+03  1.0649E-01
  1.1187E-06  8.4120E+03  8.2302E+03  1.0669E-01
  1.1197E-06  8.4000E+03  8.2147E+03  1.0691E-01
  1.1207E-06  8.3901E+03  8.2027E+03  1.0718E-01
  1.1217E-06  8.3826E+03  8.1937E+03  1.0748E-01
  1.1227E-06  8.3773E+03  8.1873E+03  1.0782E-01
  1.1237E-06  8.3744E+03  8.1834E+03  1.0821E-01
  1.1247E-06  8.3744E+03  8.1815E+03  1.0868E-01
  1.1257E-06  8.3725E+03  8.1802E+03  1.0901E-01
  1.1267E-06  8.3728E+03  8.1807E+03  1.0939E-01
  1.1277E-06  8.3758E+03  8.1836E+03  1.0982E-01
  1.1287E-06  8.3816E+03  8.1891E+03  1.1031E-01
  1.1297E-06  8.3900E+03  8.1972E+03  1.1085E-01
  1.1307E-06  8.4010E+03  8.2080E+03  1.1143E-01
  1.1317E-06  8.4149E+03  8.2214E+03  1.1207E-01
  1.1327E-06  8.4313E+03  8.2372E+03  1.1276E-01
  1.1337E-06  8.4504E+03  8.2555E+03  1.1351E-01
  1.1347E-06  8.4721E+03  8.2762E+03  1.1431E-01
  1.1357E-06  8.4962E+03  8.2991E+03  1.1517E-01
  1.1367E-06  8.5227E+03  8.3241E+03  1.1610E-01
  1.1377E-06  8.5517E+03  8.3509E+03  1.1710E-01
  1.1387E-06  8.5835E+03  8.3787E+03  1.1824E-01
  1.1397E-06  8.6119E+03  8.4037E+03  1.1929E-01
  1.1407E-06  8.6279E+03  8.4236E+03  1.1985E-01
  1.1417E-06  8.6477E+03  8.4437E+03  1.2061E-01
  1.1427E-06  8.6707E+03  8.4655E+03  1.2152E-01
  1.1437E-06  8.6976E+03  8.4881E+03  1.2262E-01
  1.1447E-06  8.7168E+03  8.5069E+03  1.2340E-01
  1.1457E-06  8.7289E+03  8.5223E+03  1.2388E-01
  1.1467E-06  8.7472E+03  8.5382E+03  1.2469E-01
  1.1477E-06  8.7608E+03  8.5528E+03  1.2519E-01
  1.1487E-06  8.7814E+03  8.5643E+03  1.2604E-01
  1.1497E-06  8.7583E+03  8.5646E+03  1.2586E-01
  1.1507E-06  8.7775E+03  8.5777E+03  1.2648E-01
  1.1517E-06  8.8022E+03  8.5995E+03  1.2727E-01
  1.1527E-06  8.8318E+03  8.6257E+03  1.2819E-01
  1.1537E-06  8.8659E+03  8.6529E+03  1.2923E-01
  1.1547E-06  8.8879E+03  8.6742E+03  1.3018E-01
  1.1557E-06  8.8939E+03  8.6915E+03  1.3088E-01
  1.1567E-06  8.9389E+03  8.7152E+03  1.3231E-01
  1.1577E-06  8.9278E+03  8.7258E+03  1.3300E-01
  1.1587E-06  8.9551E+03  8.7439E+03  1.3390E-01
  1.1597E-06  8.9721E+03  8.7627E+03  1.3452E-01
  1.1607E-06  8.9924E+03  8.7828E+03  1.3534E-01
  1.1617E-06  9.0159E+03  8.8052E+03  1.3633E-01
  1.1627E-06  9.0431E+03  8.8293E+03  1.3747E-01
  1.1637E-06  9.0630E+03  8.8535E+03  1.3860E-01
  1.1647E-06  9.0995E+03  8.8847E+03  1.4015E-01
  1.1657E-06  9.1425E+03  8.9205E+03  1.4206E-01
  1.1667E-06  9.1970E+03  8.9520E+03  1.4492E-01
  1.1677E-06  9.1847E+03  8.9558E+03  1.4420E-01
  1.1687E-06  9.1680E+03  8.9489E+03  1.4360E-01
  1.1697E-06  9.1604E+03  8.9444E+03  1.4350E-01
  1.1707E-06  9.1601E+03  8.9443E+03  1.4372E-01
  1.1717E-06  9.1661E+03  8.9474E+03  1.4426E-01
  1.1727E-06  9.1699E+03  8.9490E+03  1.4468E-01
  1.1737E-06  9.1650E+03  8.9445E+03  1.4489E-01
  1.1747E-06  9.1441E+03  8.9334E+03  1.4454E-01
  1.1757E-06  9.1293E+03  8.9241E+03  1.4448E-01
  1.1767E-06  9.1221E+03  8.9210E+03  1.4464E-01
  1.1777E-06  9.1241E+03  8.9260E+03  1.4502E-01
  1.1787E-06  9.1367E+03  8.9405E+03  1.4563E-01
  1.1797E-06  9.1607E+03  8.9652E+03  1.4649E-01
  1.1807E-06  9.1966E+03  9.0003E+03  1.4759E-01
  1.1817E-06  9.2449E+03  9.0430E+03  1.4895E-01
  1.1827E-06  9.2743E+03  9.0888E+03  1.4999E-01
  1.1837E-06  9.3486E+03  9.1556E+03  1.5189E-01
  1.1847E-06  9.4363E+03  9.2387E+03  1.5408E-01
  1.1857E-06  9.5375E+03  9.3348E+03  1.5658E-01
  1.1867E-06  9.6519E+03  9.4430E+03  1.5941E-01
  1.1877E-06  9.7790E+03  9.5622E+03  1.6255E-01
  1.1887E-06  9.9173E+03  9.6912E+03  1.6604E-01
  1.1897E-06  1.0065E+04  9.8277E+03  1.6985E-01
  1.1907E-06  1.0219E+04  9.9689E+03  1.7400E-01
  1.1917E-06  1.0377E+04  1.0111E+04  1.7851E-01
  1.1927E-06  1.0534E+04  1.0249E+04  1.8345E-01
  1.1937E-06  1.0690E+04  1.0370E+04  1.8921E-01
  1.1947E-06  1.0778E+04  1.0437E+04  1.9297E-01
  1.1957E-06  1.0723E+04  1.0429E+04  1.8986E-01
  1.1967E-06  1.0669E+04  1.0396E+04  1.8808E-01
  1.1977E-06  1.0618E+04  1.0359E+04  1.8685E-01
  1.1987E-06  1.0573E+04  1.0325E+04  1.8605E-01
  1.1997E-06  1.0537E+04  1.0297E+04  1.8565E-01
  1.2007E-06  1.0512E+04  1.0278E+04  1.8565E-01
  1.2017E-06  1.0501E+04  1.0271E+04  1.8608E-01
  1.2027E-06  1.0505E+04  1.0275E+04  1.8706E-01
  1.2037E-06  1.0517E+04  1.0289E+04  1.8792E-01
  1.2047E-06  1.0544E+04  1.0315E+04  1.8933E-01
  1.2057E-06  1.0584E+04  1.0353E+04  1.9115E-01
  1.2067E-06  1.0638E+04  1.0402E+04  1.9339E-01
  1.2077E-06  1.0702E+04  1.0461E+04  1.9605E-01
  1.2087E-06  1.0778E+04  1.0528E+04  1.9918E-01
  1.2097E-06  1.0864E+04  1.0603E+04  2.0293E-01
  1.2107E-06  1.0962E+04  1.0676E+04  2.0782E-01
  1.2117E-06  1.1016E+04  1.0723E+04  2.1039E-01
  1.2126E-06  1.1007E+04  1.0736E+04  2.0912E-01
  1.2137E-06  1.1005E+04  1.0742E+04  2.0931E-01
  1.2147E-06  1.1005E+04  1.0748E+04  2.0897E-01
  1.2156E-06  1.1008E+04  1.0757E+04  2.0877E-01
  1.2166E-06  1.1023E+04  1.0774E+04  2.0915E-01
  1.2176E-06  1.1049E+04  1.0796E+04  2.0997E-01
  1.2186E-06  1.1044E+04  1.0816E+04  2.1026E-01
  1.2196E-06  1.1095E+04  1.0860E+04  2.1189E-01
  1.2206E-06  1.1158E+04  1.0922E+04  2.1391E-01
  1.2216E-06  1.1235E+04  1.0996E+04  2.1631E-01
  1.2226E-06  1.1320E+04  1.1081E+04  2.1905E-01
  1.2236E-06  1.1423E+04  1.1180E+04  2.2225E-01
  1.2246E-06  1.1539E+04  1.1292E+04  2.2586E-01
  1.2256E-06  1.1668E+04  1.1416E+04  2.2990E-01
  1.2266E-06  1.1809E+04  1.1552E+04  2.3436E-01
  1.2276E-06  1.1962E+04  1.1699E+04  2.3926E-01
  1.2286E-06  1.2126E+04  1.1856E+04  2.4461E-01
  1.2296E-06  1.2300E+04  1.2021E+04  2.5042E-01
  1.2306E-06  1.2483E+04  1.2195E+04  2.5672E-01
  1.2316E-06  1.2674E+04  1.2376E+04  2.6355E-01
  1.2326E-06  1.2871E+04  1.2560E+04  2.7100E-01
  1.2336E-06  1.3073E+04  1.2744E+04  2.7933E-01
  1.2346E-06  1.3268E+04  1.2918E+04  2.8795E-01
  1.2356E-06  1.3440E+04  1.3059E+04  2.9639E-01
  1.2366E-06  1.3467E+04  1.3143E+04  2.9538E-01
  1.2376E-06  1.3564E+04  1.3234E+04  2.9858E-01
  1.2386E-06  1.3667E+04  1.3332E+04  3.0297E-01
  1.2396E-06  1.3776E+04  1.3430E+04  3.0868E-01
  1.2406E-06  1.3872E+04  1.3518E+04  3.1372E-01
  1.2416E-06  1.3942E+04  1.3592E+04  3.1612E-01
  1.2426E-06  1.4019E+04  1.3663E+04  3.2039E-01
  1.2436E-06  1.4103E+04  1.3728E+04  3.2682E-01
  1.2446E-06  1.4150E+04  1.3773E+04  3.2988E-01
  1.2456E-06  1.4189E+04  1.3800E+04  3.3499E-01
  1.2466E-06  1.4186E+04  1.3800E+04  3.3401E-01
  1.2476E-06  1.4181E+04  1.3784E+04  3.3686E-01
  1.2486E-06  1.4185E+04  1.3733E+04  3.4632E-01
  1.2496E-06  1.3982E+04  1.3586E+04  3.3204E-01
  1.2506E-06  1.3755E+04  1.3395E+04  3.2113E-01
  1.2516E-06  1.3531E+04  1.3193E+04  3.1234E-01
  1.2526E-06  1.3313E+04  1.2991E+04  3.0472E-01
  1.2536E-06  1.3101E+04  1.2793E+04  2.9795E-01
  1.2546E-06  1.2898E+04  1.2600E+04  2.9192E-01
  1.2556E-06  1.2698E+04  1.2412E+04  2.8641E-01
  1.2566E-06  1.2512E+04  1.2234E+04  2.8129E-01
  1.2576E-06  1.2330E+04  1.2064E+04  2.7662E-01
  1.2586E-06  1.2171E+04  1.1909E+04  2.7273E-01
  1.2596E-06  1.2023E+04  1.1767E+04  2.6932E-01
  1.2606E-06  1.1893E+04  1.1640E+04  2.6653E-01
  1.2616E-06  1.1778E+04  1.1526E+04  2.6431E-01
  1.2626E-06  1.1675E+04  1.1424E+04  2.6239E-01
  1.2636E-06  1.1584E+04  1.1335E+04  2.6076E-01
  1.2646E-06  1.1507E+04  1.1257E+04  2.5965E-01
  1.2656E-06  1.1444E+04  1.1185E+04  2.5903E-01
  1.2666E-06  1.1346E+04  1.1113E+04  2.5760E-01
  1.2676E-06  1.1309E+04  1.1066E+04  2.5794E-01
  1.2686E-06  1.1285E+04  1.1035E+04  2.5880E-01
  1.2696E-06  1.1265E+04  1.1010E+04  2.6020E-01
  1.2706E-06  1.1242E+04  1.0987E+04  2.6111E-01
  1.2716E-06  1.1228E+04  1.0967E+04  2.6126E-01
  1.2726E-06  1.1202E+04  1.0944E+04  2.6182E-01
  1.2736E-06  1.1169E+04  1.0919E+04  2.6247E-01
  1.2746E-06  1.1148E+04  1.0903E+04  2.6324E-01
  1.2756E-06  1.1150E+04  1.0901E+04  2.6364E-01
  1.2766E-06  1.1161E+04  1.0908E+04  2.6496E-01
  1.2776E-06  1.1180E+04  1.0924E+04  2.6689E-01
  1.2786E-06  1.1208E+04  1.0946E+04  2.6952E-01
  1.2796E-06  1.1245E+04  1.0969E+04  2.7332E-01
  1.2806E-06  1.1261E+04  1.0979E+04  2.7548E-01
  1.2816E-06  1.1234E+04  1.0969E+04  2.7305E-01
  1.2826E-06  1.1217E+04  1.0958E+04  2.7212E-01
  1.2836E-06  1.1209E+04  1.0952E+04  2.7191E-01
  1.2846E-06  1.1207E+04  1.0953E+04  2.7220E-01
  1.2856E-06  1.1214E+04  1.0959E+04  2.7296E-01
  1.2866E-06  1.1227E+04  1.0973E+04  2.7412E-01
  1.2876E-06  1.1248E+04  1.0993E+04  2.7568E-01
  1.2886E-06  1.1275E+04  1.1019E+04  2.7762E-01
  1.2896E-06  1.1309E+04  1.1050E+04  2.7997E-01
  1.2906E-06  1.1349E+04  1.1088E+04  2.8275E-01
  1.2916E-06  1.1396E+04  1.1130E+04  2.8605E-01
  1.2926E-06  1.1449E+04  1.1176E+04  2.9006E-01
  1.2936E-06  1.1499E+04  1.1219E+04  2.9408E-01
  1.2946E-06  1.1537E+04  1.1256E+04  2.9687E-01
  1.2956E-06  1.1583E+04  1.1287E+04  3.0323E-01
  1.2966E-06  1.1575E+04  1.1296E+04  2.9991E-01
  1.2976E-06  1.1574E+04  1.1301E+04  2.9957E-01
  1.2986E-06  1.1582E+04  1.1310E+04  3.0028E-01
  1.2996E-06  1.1597E+04  1.1325E+04  3.0187E-01
  1.3006E-06  1.1621E+04  1.1341E+04  3.0493E-01
  1.3016E-06  1.1622E+04  1.1349E+04  3.0402E-01
  1.3026E-06  1.1624E+04  1.1356E+04  3.0355E-01
  1.3036E-06  1.1635E+04  1.1366E+04  3.0389E-01
  1.3046E-06  1.1627E+04  1.1376E+04  3.0392E-01
  1.3056E-06  1.1657E+04  1.1402E+04  3.0537E-01
  1.3066E-06  1.1697E+04  1.1441E+04  3.0731E-01
  1.3076E-06  1.1746E+04  1.1489E+04  3.0972E-01
  1.3086E-06  1.1806E+04  1.1548E+04  3.1260E-01
  1.3096E-06  1.1875E+04  1.1616E+04  3.1596E-01
  1.3106E-06  1.1955E+04  1.1693E+04  3.1979E-01
  1.3116E-06  1.2045E+04  1.1781E+04  3.2412E-01
  1.3126E-06  1.2144E+04  1.1877E+04  3.2894E-01
  1.3136E-06  1.2253E+04  1.1983E+04  3.3427E-01
  1.3146E-06  1.2372E+04  1.2098E+04  3.4013E-01
  1.3156E-06  1.2499E+04  1.2221E+04  3.4653E-01
  1.3166E-06  1.2636E+04  1.2353E+04  3.5352E-01
  1.3176E-06  1.2780E+04  1.2492E+04  3.6112E-01
  1.3186E-06  1.2933E+04  1.2639E+04  3.6939E-01
  1.3196E-06  1.3093E+04  1.2792E+04  3.7846E-01
  1.3206E-06  1.3260E+04  1.2949E+04  3.8860E-01
  1.3216E-06  1.3428E+04  1.3107E+04  3.9942E-01
  1.3226E-06  1.3585E+04  1.3260E+04  4.0827E-01
  1.3236E-06  1.3741E+04  1.3410E+04  4.1723E-01
  1.3246E-06  1.3895E+04  1.3555E+04  4.2629E-01
  1.3256E-06  1.4024E+04  1.3694E+04  4.3609E-01
  1.3266E-06  1.4189E+04  1.3839E+04  4.4987E-01
  1.3276E-06  1.4332E+04  1.3974E+04  4.6062E-01
  1.3286E-06  1.4446E+04  1.4094E+04  4.6210E-01
  1.3296E-06  1.4564E+04  1.4210E+04  4.6750E-01
  1.3306E-06  1.4686E+04  1.4323E+04  4.7602E-01
  1.3316E-06  1.4796E+04  1.4427E+04  4.8364E-01
  1.3326E-06  1.4883E+04  1.4519E+04  4.8276E-01
  1.3336E-06  1.4971E+04  1.4606E+04  4.8518E-01
  1.3346E-06  1.5063E+04  1.4693E+04  4.8937E-01
  1.3356E-06  1.5156E+04  1.4779E+04  4.9503E-01
  1.3366E-06  1.5248E+04  1.4862E+04  5.0228E-01
  1.3376E-06  1.5334E+04  1.4936E+04  5.0908E-01
  1.3386E-06  1.5410E+04  1.4998E+04  5.1739E-01
  1.3396E-06  1.5470E+04  1.5038E+04  5.2806E-01
  1.3406E-06  1.5477E+04  1.5033E+04  5.4723E-01
  1.3416E-06  1.5404E+04  1.4972E+04  5.2885E-01
  1.3426E-06  1.5274E+04  1.4866E+04  5.1799E-01
  1.3436E-06  1.5130E+04  1.4739E+04  5.0946E-01
  1.3446E-06  1.4980E+04  1.4600E+04  5.0245E-01
  1.3456E-06  1.4828E+04  1.4454E+04  4.9672E-01
  1.3466E-06  1.4656E+04  1.4301E+04  4.9141E-01
  1.3476E-06  1.4507E+04  1.4153E+04  4.8841E-01
  1.3486E-06  1.4363E+04  1.4007E+04  4.8727E-01
  1.3496E-06  1.4215E+04  1.3855E+04  4.8914E-01
  1.3506E-06  1.4049E+04  1.3685E+04  4.9048E-01
  1.3516E-06  1.3831E+04  1.3485E+04  4.7122E-01
  1.3526E-06  1.3591E+04  1.3270E+04  4.5738E-01
  1.3536E-06  1.3372E+04  1.3060E+04  4.4642E-01
  1.3546E-06  1.3160E+04  1.2855E+04  4.3703E-01
  1.3556E-06  1.2956E+04  1.2657E+04  4.2837E-01
  1.3566E-06  1.2759E+04  1.2466E+04  4.2106E-01
  1.3576E-06  1.2571E+04  1.2280E+04  4.1470E-01
  1.3586E-06  1.2386E+04  1.2099E+04  4.0838E-01
  1.3596E-06  1.2211E+04  1.1921E+04  4.0370E-01
  1.3606E-06  1.2023E+04  1.1742E+04  3.9800E-01
  1.3616E-06  1.1853E+04  1.1566E+04  3.9425E-01
  1.3626E-06  1.1670E+04  1.1382E+04  3.8890E-01
  1.3636E-06  1.1455E+04  1.1184E+04  3.7713E-01
  1.3646E-06  1.1246E+04  1.0984E+04  3.6776E-01
  1.3656E-06  1.1045E+04  1.0790E+04  3.5968E-01
  1.3666E-06  1.0852E+04  1.0601E+04  3.5269E-01
  1.3676E-06  1.0666E+04  1.0416E+04  3.4723E-01
  1.3686E-06  1.0470E+04  1.0228E+04  3.3840E-01
  1.3696E-06  1.0273E+04  1.0040E+04  3.2979E-01
  1.3706E-06  1.0084E+04  9.8577E+03  3.2208E-01
  1.3716E-06  9.9031E+03  9.6817E+03  3.1503E-01
  1.3726E-06  9.7293E+03  9.5126E+03  3.0851E-01
  1.3736E-06  9.5628E+03  9.3502E+03  3.0248E-01
  1.3746E-06  9.4038E+03  9.1943E+03  2.9689E-01
  1.3756E-06  9.2520E+03  9.0436E+03  2.9172E-01
  1.3766E-06  9.0936E+03  8.8957E+03  2.8643E-01
  1.3776E-06  8.9558E+03  8.7581E+03  2.8204E-01
  1.3786E-06  8.8249E+03  8.6287E+03  2.7804E-01
  1.3796E-06  8.7006E+03  8.5059E+03  2.7443E-01
  1.3806E-06  8.5830E+03  8.3890E+03  2.7126E-01
  1.3816E-06  8.4721E+03  8.2771E+03  2.6868E-01
  1.3826E-06  8.3673E+03  8.1657E+03  2.6758E-01
  1.3836E-06  8.2354E+03  8.0455E+03  2.6105E-01
  1.3846E-06  8.1103E+03  7.9259E+03  2.5617E-01
  1.3856E-06  7.9912E+03  7.8107E+03  2.5182E-01
  1.3866E-06  7.8775E+03  7.7004E+03  2.4783E-01
  1.3876E-06  7.7690E+03  7.5948E+03  2.4414E-01
  1.3886E-06  7.6655E+03  7.4940E+03  2.4072E-01
  1.3896E-06  7.5671E+03  7.3980E+03  2.3754E-01
  1.3906E-06  7.4734E+03  7.3066E+03  2.3458E-01
  1.3916E-06  7.3845E+03  7.2198E+03  2.3184E-01
  1.3926E-06  7.3003E+03  7.1374E+03  2.2929E-01
  1.3936E-06  7.2206E+03  7.0595E+03  2.2694E-01
  1.3946E-06  7.1453E+03  6.9858E+03  2.2477E-01
  1.3956E-06  7.0743E+03  6.9162E+03  2.2279E-01
  1.3966E-06  7.0076E+03  6.8508E+03  2.2097E-01
  1.3976E-06  6.9449E+03  6.7893E+03  2.1933E-01
  1.3986E-06  6.8861E+03  6.7316E+03  2.1784E-01
  1.3996E-06  6.8312E+03  6.6776E+03  2.1652E-01
  1.4006E-06  6.7800E+03  6.6272E+03  2.1535E-01
  1.4016E-06  6.7322E+03  6.5802E+03  2.1433E-01
  1.4026E-06  6.6879E+03  6.5364E+03  2.1346E-01
  1.4036E-06  6.6469E+03  6.4958E+03  2.1274E-01
  1.4046E-06  6.6090E+03  6.4581E+03  2.1218E-01
  1.4056E-06  6.5741E+03  6.4233E+03  2.1179E-01
  1.4066E-06  6.5423E+03  6.3913E+03  2.1158E-01
  1.4076E-06  6.5137E+03  6.3617E+03  2.1161E-01
  1.4086E-06  6.4886E+03  6.3334E+03  2.1205E-01
  1.4096E-06  6.4608E+03  6.3018E+03  2.1236E-01
  1.4106E-06  6.4135E+03  6.2625E+03  2.1004E-01
  1.4116E-06  6.3706E+03  6.2226E+03  2.0844E-01
  1.4126E-06  6.3309E+03  6.1848E+03  2.0713E-01
  1.4136E-06  6.2939E+03  6.1494E+03  2.0602E-01
  1.4146E-06  6.2597E+03  6.1164E+03  2.0508E-01
  1.4156E-06  6.2281E+03  6.0859E+03  2.0427E-01
  1.4166E-06  6.1990E+03  6.0578E+03  2.0360E-01
  1.4176E-06  6.1726E+03  6.0323E+03  2.0305E-01
  1.4186E-06  6.1489E+03  6.0093E+03  2.0262E-01
  1.4196E-06  6.1277E+03  5.9888E+03  2.0230E-01
  1.4206E-06  6.1093E+03  5.9709E+03  2.0211E-01
  1.4216E-06  6.0937E+03  5.9557E+03  2.0203E-01
  1.4226E-06  6.0807E+03  5.9432E+03  2.0207E-01
  1.4236E-06  6.0706E+03  5.9334E+03  2.0222E-01
  1.4246E-06  6.0633E+03  5.9263E+03  2.0250E-01
  1.4256E-06  6.0589E+03  5.9220E+03  2.0289E-01
  1.4266E-06  6.0573E+03  5.9206E+03  2.0341E-01
  1.4276E-06  6.0587E+03  5.9220E+03  2.0405E-01
  1.4286E-06  6.0631E+03  5.9264E+03  2.0482E-01
  1.4296E-06  6.0705E+03  5.9336E+03  2.0572E-01
  1.4306E-06  6.0808E+03  5.9438E+03  2.0675E-01
  1.4316E-06  6.0943E+03  5.9569E+03  2.0791E-01
  1.4326E-06  6.1108E+03  5.9730E+03  2.0921E-01
  1.4336E-06  6.1305E+03  5.9921E+03  2.1065E-01
  1.4346E-06  6.1532E+03  6.0143E+03  2.1223E-01
  1.4356E-06  6.1791E+03  6.0393E+03  2.1397E-01
  1.4366E-06  6.2082E+03  6.0669E+03  2.1585E-01
  1.4376E-06  6.2373E+03  6.0967E+03  2.1778E-01
  1.4386E-06  6.2726E+03  6.1303E+03  2.1998E-01
  1.4396E-06  6.3110E+03  6.1672E+03  2.2234E-01
  1.4406E-06  6.3525E+03  6.2069E+03  2.2486E-01
  1.4416E-06  6.3970E+03  6.2492E+03  2.2755E-01
  1.4426E-06  6.4444E+03  6.2934E+03  2.3041E-01
  1.4436E-06  6.4946E+03  6.3360E+03  2.3344E-01
  1.4446E-06  6.5164E+03  6.3713E+03  2.3532E-01
  1.4456E-06  6.5654E+03  6.4151E+03  2.3848E-01
  1.4466E-06  6.6233E+03  6.4652E+03  2.4203E-01
  1.4476E-06  6.6832E+03  6.5089E+03  2.4576E-01
  1.4486E-06  6.6689E+03  6.5335E+03  2.4636E-01
  1.4496E-06  6.7325E+03  6.5807E+03  2.5044E-01
  1.4506E-06  6.7972E+03  6.6382E+03  2.5469E-01
  1.4516E-06  6.8626E+03  6.6969E+03  2.5911E-01
  1.4526E-06  6.9283E+03  6.7504E+03  2.6370E-01
  1.4536E-06  6.9500E+03  6.7911E+03  2.6650E-01
  1.4546E-06  7.0153E+03  6.8421E+03  2.7146E-01
  1.4556E-06  7.0795E+03  6.8920E+03  2.7664E-01
  1.4566E-06  7.1199E+03  6.9216E+03  2.8123E-01
  1.4576E-06  7.0797E+03  6.9249E+03  2.8270E-01
  1.4586E-06  7.1232E+03  6.9513E+03  2.8842E-01
  1.4596E-06  7.1799E+03  6.9862E+03  2.9660E-01
  1.4606E-06  7.1943E+03  7.0045E+03  2.9689E-01
  1.4616E-06  7.2051E+03  7.0129E+03  2.9914E-01
  1.4626E-06  7.2148E+03  7.0133E+03  3.0290E-01
  1.4636E-06  7.2098E+03  6.9934E+03  3.0734E-01
  1.4646E-06  7.1295E+03  6.9365E+03  2.9792E-01
  1.4656E-06  7.0476E+03  6.8650E+03  2.9131E-01
  1.4666E-06  6.9647E+03  6.7891E+03  2.8558E-01
  1.4676E-06  6.8810E+03  6.7110E+03  2.8036E-01
  1.4686E-06  6.7969E+03  6.6316E+03  2.7549E-01
  1.4696E-06  6.7127E+03  6.5517E+03  2.7091E-01
  1.4706E-06  6.6290E+03  6.4716E+03  2.6658E-01
  1.4716E-06  6.5461E+03  6.3921E+03  2.6247E-01
  1.4726E-06  6.4644E+03  6.3135E+03  2.5859E-01
  1.4736E-06  6.3844E+03  6.2360E+03  2.5495E-01
  1.4746E-06  6.3050E+03  6.1594E+03  2.5133E-01
  1.4756E-06  6.2273E+03  6.0844E+03  2.4787E-01
  1.4766E-06  6.1521E+03  6.0114E+03  2.4465E-01
  1.4776E-06  6.0795E+03  5.9406E+03  2.4165E-01
  1.4786E-06  6.0098E+03  5.8717E+03  2.3899E-01
  1.4796E-06  5.9388E+03  5.8038E+03  2.3583E-01
  1.4806E-06  5.8710E+03  5.7383E+03  2.3299E-01
  1.4816E-06  5.8063E+03  5.6755E+03  2.3038E-01
  1.4826E-06  5.7449E+03  5.6159E+03  2.2796E-01
  1.4836E-06  5.6869E+03  5.5595E+03  2.2575E-01
  1.4846E-06  5.6323E+03  5.5063E+03  2.2372E-01
  1.4856E-06  5.5811E+03  5.4564E+03  2.2189E-01
  1.4866E-06  5.5334E+03  5.4099E+03  2.2024E-01
  1.4876E-06  5.4893E+03  5.3666E+03  2.1880E-01
  1.4886E-06  5.4478E+03  5.3263E+03  2.1743E-01
  1.4896E-06  5.4098E+03  5.2892E+03  2.1625E-01
  1.4906E-06  5.3752E+03  5.2554E+03  2.1525E-01
  1.4916E-06  5.3440E+03  5.2249E+03  2.1443E-01
  1.4926E-06  5.3161E+03  5.1976E+03  2.1378E-01
  1.4936E-06  5.2915E+03  5.1734E+03  2.1330E-01
  1.4946E-06  5.2702E+03  5.1525E+03  2.1300E-01
  1.4956E-06  5.2520E+03  5.1346E+03  2.1286E-01
  1.4966E-06  5.2370E+03  5.1198E+03  2.1290E-01
  1.4976E-06  5.2251E+03  5.1079E+03  2.1312E-01
  1.4986E-06  5.2163E+03  5.0991E+03  2.1351E-01
  1.4996E-06  5.2105E+03  5.0932E+03  2.1409E-01
  1.5006E-06  5.2078E+03  5.0901E+03  2.1487E-01
  1.5016E-06  5.2082E+03  5.0900E+03  2.1587E-01
  1.5026E-06  5.2118E+03  5.0926E+03  2.1713E-01
  1.5036E-06  5.2187E+03  5.0978E+03  2.1876E-01
  1.5046E-06  5.2303E+03  5.1034E+03  2.2145E-01
  1.5056E-06  5.2247E+03  5.1031E+03  2.2052E-01
  1.5066E-06  5.2223E+03  5.1027E+03  2.2043E-01
  1.5076E-06  5.2235E+03  5.1047E+03  2.2074E-01
  1.5086E-06  5.2280E+03  5.1095E+03  2.2134E-01
  1.5096E-06  5.2356E+03  5.1171E+03  2.2219E-01
  1.5106E-06  5.2462E+03  5.1276E+03  2.2327E-01
  1.5116E-06  5.2598E+03  5.1409E+03  2.2457E-01
  1.5126E-06  5.2764E+03  5.1568E+03  2.2609E-01
  1.5136E-06  5.2957E+03  5.1754E+03  2.2784E-01
  1.5146E-06  5.3179E+03  5.1965E+03  2.2982E-01
  1.5156E-06  5.3428E+03  5.2200E+03  2.3207E-01
  1.5166E-06  5.3704E+03  5.2452E+03  2.3466E-01
  1.5176E-06  5.3976E+03  5.2701E+03  2.3718E-01
  1.5186E-06  5.4196E+03  5.2934E+03  2.3876E-01
  1.5196E-06  5.4441E+03  5.3173E+03  2.4078E-01
  1.5206E-06  5.4704E+03  5.3425E+03  2.4308E-01
  1.5216E-06  5.4982E+03  5.3687E+03  2.4562E-01
  1.5226E-06  5.5270E+03  5.3957E+03  2.4837E-01
  1.5236E-06  5.5565E+03  5.4231E+03  2.5133E-01
  1.5246E-06  5.5862E+03  5.4503E+03  2.5451E-01
  1.5256E-06  5.6157E+03  5.4770E+03  2.5793E-01
  1.5266E-06  5.6447E+03  5.5026E+03  2.6162E-01
  1.5276E-06  5.6729E+03  5.5264E+03  2.6568E-01
  1.5286E-06  5.7000E+03  5.5471E+03  2.7033E-01
  1.5296E-06  5.7264E+03  5.5594E+03  2.7628E-01
  1.5306E-06  5.7201E+03  5.5478E+03  2.7814E-01
  1.5316E-06  5.6605E+03  5.5065E+03  2.7135E-01
  1.5326E-06  5.6011E+03  5.4546E+03  2.6640E-01
  1.5336E-06  5.5406E+03  5.3991E+03  2.6205E-01
  1.5346E-06  5.4795E+03  5.3413E+03  2.5812E-01
  1.5356E-06  5.4178E+03  5.2803E+03  2.5447E-01
  1.5366E-06  5.3405E+03  5.2142E+03  2.5006E-01
  1.5376E-06  5.2781E+03  5.1517E+03  2.4674E-01
  1.5386E-06  5.2165E+03  5.0907E+03  2.4370E-01
  1.5396E-06  5.1560E+03  5.0280E+03  2.4102E-01
  1.5406E-06  5.0782E+03  4.9589E+03  2.3730E-01
  1.5416E-06  5.0066E+03  4.8902E+03  2.3297E-01
  1.5426E-06  4.9371E+03  4.8232E+03  2.2911E-01
  1.5436E-06  4.8694E+03  4.7579E+03  2.2551E-01
  1.5446E-06  4.8039E+03  4.6943E+03  2.2214E-01
  1.5456E-06  4.7404E+03  4.6328E+03  2.1896E-01
  1.5466E-06  4.6793E+03  4.5734E+03  2.1596E-01
  1.5476E-06  4.6205E+03  4.5162E+03  2.1315E-01
  1.5486E-06  4.5641E+03  4.4613E+03  2.1050E-01
  1.5496E-06  4.5102E+03  4.4087E+03  2.0801E-01
  1.5506E-06  4.4587E+03  4.3586E+03  2.0569E-01
  1.5516E-06  4.4097E+03  4.3107E+03  2.0351E-01
  1.5526E-06  4.3631E+03  4.2651E+03  2.0148E-01
  1.5536E-06  4.3189E+03  4.2219E+03  1.9960E-01
  1.5546E-06  4.2771E+03  4.1810E+03  1.9785E-01
  1.5556E-06  4.2376E+03  4.1422E+03  1.9624E-01
  1.5566E-06  4.2002E+03  4.1056E+03  1.9474E-01
  1.5576E-06  4.1650E+03  4.0712E+03  1.9336E-01
  1.5586E-06  4.1319E+03  4.0387E+03  1.9211E-01
  1.5596E-06  4.1009E+03  4.0083E+03  1.9096E-01
  1.5606E-06  4.0718E+03  3.9797E+03  1.8992E-01
  1.5615E-06  4.0446E+03  3.9530E+03  1.8899E-01
  1.5625E-06  4.0192E+03  3.9280E+03  1.8816E-01
  1.5636E-06  3.9956E+03  3.9047E+03  1.8742E-01
  1.5645E-06  3.9735E+03  3.8830E+03  1.8677E-01
  1.5655E-06  3.9531E+03  3.8628E+03  1.8620E-01
  1.5665E-06  3.9341E+03  3.8441E+03  1.8572E-01
  1.5675E-06  3.9166E+03  3.8267E+03  1.8532E-01
  1.5685E-06  3.9003E+03  3.8106E+03  1.8500E-01
  1.5695E-06  3.8854E+03  3.7957E+03  1.8475E-01
  1.5705E-06  3.8717E+03  3.7818E+03  1.8457E-01
  1.5715E-06  3.8592E+03  3.7686E+03  1.8446E-01
  1.5725E-06  3.8478E+03  3.7540E+03  1.8441E-01
  1.5735E-06  3.8177E+03  3.7349E+03  1.8335E-01
  1.5745E-06  3.8082E+03  3.7222E+03  1.8341E-01
  1.5755E-06  3.7997E+03  3.7129E+03  1.8354E-01
  1.5765E-06  3.7920E+03  3.7049E+03  1.8374E-01
  1.5775E-06  3.7853E+03  3.6979E+03  1.8401E-01
  1.5785E-06  3.7789E+03  3.6916E+03  1.8426E-01
  1.5795E-06  3.7733E+03  3.6859E+03  1.8458E-01
  1.5805E-06  3.7684E+03  3.6809E+03  1.8496E-01
  1.5815E-06  3.7643E+03  3.6765E+03  1.8542E-01
  1.5825E-06  3.7602E+03  3.6725E+03  1.8585E-01
  1.5835E-06  3.7567E+03  3.6689E+03  1.8635E-01
  1.5845E-06  3.7538E+03  3.6658E+03  1.8691E-01
  1.5855E-06  3.7514E+03  3.6632E+03  1.8755E-01
  1.5865E-06  3.7495E+03  3.6610E+03  1.8826E-01
  1.5875E-06  3.7481E+03  3.6591E+03  1.8907E-01
  1.5885E-06  3.7473E+03  3.6574E+03  1.9003E-01
  1.5895E-06  3.7474E+03  3.6549E+03  1.9130E-01
  1.5905E-06  3.7405E+03  3.6487E+03  1.9131E-01
  1.5915E-06  3.7291E+03  3.6396E+03  1.9060E-01
  1.5925E-06  3.7184E+03  3.6298E+03  1.9016E-01
  1.5935E-06  3.7083E+03  3.6202E+03  1.8985E-01
  1.5945E-06  3.6986E+03  3.6109E+03  1.8964E-01
  1.5955E-06  3.6893E+03  3.6018E+03  1.8953E-01
  1.5965E-06  3.6805E+03  3.5930E+03  1.8952E-01
  1.5975E-06  3.6722E+03  3.5844E+03  1.8965E-01
  1.5985E-06  3.6648E+03  3.5752E+03  1.9006E-01
  1.5995E-06  3.6517E+03  3.5631E+03  1.8951E-01
  1.6005E-06  3.6354E+03  3.5488E+03  1.8851E-01
  1.6015E-06  3.6199E+03  3.5343E+03  1.8772E-01
  1.6025E-06  3.6049E+03  3.5200E+03  1.8705E-01
  1.6035E-06  3.5904E+03  3.5061E+03  1.8645E-01
  1.6045E-06  3.5763E+03  3.4926E+03  1.8591E-01
  1.6055E-06  3.5627E+03  3.4794E+03  1.8543E-01
  1.6065E-06  3.5496E+03  3.4667E+03  1.8499E-01
  1.6075E-06  3.5369E+03  3.4544E+03  1.8461E-01
  1.6085E-06  3.5247E+03  3.4425E+03  1.8426E-01
  1.6095E-06  3.5130E+03  3.4312E+03  1.8397E-01
  1.6105E-06  3.5018E+03  3.4203E+03  1.8371E-01
  1.6115E-06  3.4912E+03  3.4099E+03  1.8351E-01
  1.6125E-06  3.4811E+03  3.4000E+03  1.8334E-01
  1.6135E-06  3.4714E+03  3.3906E+03  1.8319E-01
  1.6145E-06  3.4622E+03  3.3817E+03  1.8309E-01
  1.6155E-06  3.4537E+03  3.3733E+03  1.8304E-01
  1.6165E-06  3.4457E+03  3.3655E+03  1.8304E-01
  1.6175E-06  3.4383E+03  3.3581E+03  1.8309E-01
  1.6185E-06  3.4311E+03  3.3511E+03  1.8313E-01
  1.6195E-06  3.4242E+03  3.3445E+03  1.8315E-01
  1.6205E-06  3.4179E+03  3.3383E+03  1.8324E-01
  1.6215E-06  3.4121E+03  3.3327E+03  1.8337E-01
  1.6225E-06  3.4069E+03  3.3275E+03  1.8354E-01
  1.6235E-06  3.4021E+03  3.3229E+03  1.8375E-01
  1.6245E-06  3.3979E+03  3.3187E+03  1.8401E-01
  1.6255E-06  3.3942E+03  3.3150E+03  1.8431E-01
  1.6265E-06  3.3909E+03  3.3118E+03  1.8464E-01
  1.6275E-06  3.3879E+03  3.3089E+03  1.8500E-01
  1.6285E-06  3.3854E+03  3.3064E+03  1.8540E-01
  1.6295E-06  3.3834E+03  3.3043E+03  1.8584E-01
  1.6305E-06  3.3816E+03  3.3026E+03  1.8631E-01
  1.6315E-06  3.3803E+03  3.3012E+03  1.8683E-01
  1.6325E-06  3.3793E+03  3.3001E+03  1.8738E-01
  1.6335E-06  3.3786E+03  3.2993E+03  1.8796E-01
  1.6345E-06  3.3781E+03  3.2988E+03  1.8859E-01
  1.6355E-06  3.3780E+03  3.2984E+03  1.8925E-01
  1.6365E-06  3.3781E+03  3.2983E+03  1.8995E-01
  1.6375E-06  3.3784E+03  3.2981E+03  1.9070E-01
  1.6385E-06  3.3789E+03  3.2973E+03  1.9150E-01
  1.6395E-06  3.3728E+03  3.2947E+03  1.9191E-01
  1.6405E-06  3.3738E+03  3.2941E+03  1.9283E-01
  1.6415E-06  3.3750E+03  3.2945E+03  1.9387E-01
  1.6425E-06  3.3766E+03  3.2949E+03  1.9507E-01
  1.6435E-06  3.3791E+03  3.2940E+03  1.9683E-01
  1.6445E-06  3.3703E+03  3.2881E+03  1.9597E-01
  1.6455E-06  3.3609E+03  3.2801E+03  1.9535E-01
  1.6465E-06  3.3520E+03  3.2719E+03  1.9494E-01
  1.6475E-06  3.3433E+03  3.2638E+03  1.9465E-01
  1.6485E-06  3.3349E+03  3.2557E+03  1.9444E-01
  1.6495E-06  3.3267E+03  3.2477E+03  1.9432E-01
  1.6505E-06  3.3188E+03  3.2398E+03  1.9427E-01
  1.6515E-06  3.3111E+03  3.2319E+03  1.9433E-01
  1.6525E-06  3.3028E+03  3.2236E+03  1.9431E-01
  1.6535E-06  3.2943E+03  3.2149E+03  1.9427E-01
  1.6545E-06  3.2863E+03  3.2048E+03  1.9446E-01
  1.6555E-06  3.2682E+03  3.1909E+03  1.9353E-01
  1.6565E-06  3.2541E+03  3.1772E+03  1.9259E-01
  1.6575E-06  3.2405E+03  3.1641E+03  1.9183E-01
  1.6585E-06  3.2273E+03  3.1512E+03  1.9115E-01
  1.6595E-06  3.2142E+03  3.1386E+03  1.9053E-01
  1.6605E-06  3.2015E+03  3.1261E+03  1.8997E-01
  1.6615E-06  3.1890E+03  3.1136E+03  1.8945E-01
  1.6625E-06  3.1745E+03  3.1007E+03  1.8881E-01
  1.6635E-06  3.1626E+03  3.0887E+03  1.8837E-01
  1.6645E-06  3.1509E+03  3.0773E+03  1.8795E-01
  1.6655E-06  3.1395E+03  3.0661E+03  1.8758E-01
  1.6665E-06  3.1284E+03  3.0552E+03  1.8723E-01
  1.6675E-06  3.1176E+03  3.0447E+03  1.8692E-01
  1.6685E-06  3.1071E+03  3.0344E+03  1.8664E-01
  1.6695E-06  3.0969E+03  3.0244E+03  1.8640E-01
  1.6705E-06  3.0870E+03  3.0147E+03  1.8619E-01
  1.6715E-06  3.0775E+03  3.0054E+03  1.8602E-01
  1.6725E-06  3.0683E+03  2.9963E+03  1.8590E-01
  1.6735E-06  3.0596E+03  2.9874E+03  1.8584E-01
  1.6745E-06  3.0505E+03  2.9784E+03  1.8568E-01
  1.6755E-06  3.0408E+03  2.9693E+03  1.8541E-01
  1.6765E-06  3.0318E+03  2.9604E+03  1.8523E-01
  1.6775E-06  3.0232E+03  2.9518E+03  1.8509E-01
  1.6785E-06  3.0149E+03  2.9432E+03  1.8499E-01
  1.6795E-06  3.0069E+03  2.9340E+03  1.8493E-01
  1.6805E-06  2.9929E+03  2.9230E+03  1.8445E-01
  1.6815E-06  2.9854E+03  2.9122E+03  1.8445E-01
  1.6825E-06  2.9636E+03  2.8983E+03  1.8344E-01
  1.6835E-06  2.9567E+03  2.8889E+03  1.8350E-01
  1.6845E-06  2.9500E+03  2.8816E+03  1.8359E-01
  1.6855E-06  2.9436E+03  2.8748E+03  1.8372E-01
  1.6865E-06  2.9374E+03  2.8683E+03  1.8388E-01
  1.6875E-06  2.9314E+03  2.8618E+03  1.8408E-01
  1.6885E-06  2.9257E+03  2.8543E+03  1.8433E-01
  1.6895E-06  2.9100E+03  2.8441E+03  1.8389E-01
  1.6905E-06  2.9048E+03  2.8370E+03  1.8426E-01
  1.6915E-06  2.8999E+03  2.8315E+03  1.8472E-01
  1.6925E-06  2.8955E+03  2.8263E+03  1.8534E-01
  1.6935E-06  2.8921E+03  2.8206E+03  1.8634E-01
  1.6945E-06  2.8835E+03  2.8119E+03  1.8624E-01
  1.6955E-06  2.8689E+03  2.7999E+03  1.8479E-01
  1.6965E-06  2.8553E+03  2.7873E+03  1.8374E-01
  1.6975E-06  2.8422E+03  2.7749E+03  1.8286E-01
  1.6985E-06  2.8295E+03  2.7627E+03  1.8207E-01
  1.6995E-06  2.8171E+03  2.7507E+03  1.8136E-01
  1.7005E-06  2.8049E+03  2.7389E+03  1.8069E-01
  1.7015E-06  2.7929E+03  2.7272E+03  1.8007E-01
  1.7025E-06  2.7812E+03  2.7158E+03  1.7948E-01
  1.7035E-06  2.7697E+03  2.7045E+03  1.7893E-01
  1.7045E-06  2.7583E+03  2.6933E+03  1.7840E-01
  1.7055E-06  2.7471E+03  2.6823E+03  1.7789E-01
  1.7065E-06  2.7362E+03  2.6713E+03  1.7741E-01
  1.7075E-06  2.7254E+03  2.6597E+03  1.7695E-01
  1.7085E-06  2.7089E+03  2.6467E+03  1.7608E-01
  1.7095E-06  2.6985E+03  2.6353E+03  1.7566E-01
  1.7105E-06  2.6883E+03  2.6247E+03  1.7525E-01
  1.7115E-06  2.6783E+03  2.6132E+03  1.7487E-01
  1.7125E-06  2.6587E+03  2.5991E+03  1.7378E-01
  1.7135E-06  2.6491E+03  2.5880E+03  1.7343E-01
  1.7145E-06  2.6397E+03  2.5784E+03  1.7310E-01
  1.7155E-06  2.6304E+03  2.5692E+03  1.7278E-01
  1.7165E-06  2.6214E+03  2.5602E+03  1.7248E-01
  1.7175E-06  2.6125E+03  2.5515E+03  1.7220E-01
  1.7185E-06  2.6038E+03  2.5429E+03  1.7193E-01
  1.7195E-06  2.5953E+03  2.5346E+03  1.7167E-01
  1.7205E-06  2.5870E+03  2.5265E+03  1.7144E-01
  1.7215E-06  2.5789E+03  2.5185E+03  1.7121E-01
  1.7225E-06  2.5710E+03  2.5108E+03  1.7100E-01
  1.7235E-06  2.5632E+03  2.5032E+03  1.7081E-01
  1.7245E-06  2.5557E+03  2.4958E+03  1.7063E-01
  1.7255E-06  2.5483E+03  2.4886E+03  1.7046E-01
  1.7265E-06  2.5411E+03  2.4815E+03  1.7030E-01
  1.7275E-06  2.5341E+03  2.4746E+03  1.7016E-01
  1.7285E-06  2.5272E+03  2.4679E+03  1.7003E-01
  1.7295E-06  2.5205E+03  2.4613E+03  1.6992E-01
  1.7305E-06  2.5140E+03  2.4549E+03  1.6981E-01
  1.7315E-06  2.5076E+03  2.4486E+03  1.6972E-01
  1.7325E-06  2.5014E+03  2.4424E+03  1.6964E-01
  1.7335E-06  2.4954E+03  2.4364E+03  1.6958E-01
  1.7345E-06  2.4895E+03  2.4305E+03  1.6952E-01
  1.7355E-06  2.4837E+03  2.4246E+03  1.6947E-01
  1.7365E-06  2.4782E+03  2.4186E+03  1.6944E-01
  1.7375E-06  2.4727E+03  2.4115E+03  1.6942E-01
  1.7385E-06  2.4603E+03  2.4010E+03  1.6894E-01
  1.7395E-06  2.4434E+03  2.3888E+03  1.6818E-01
  1.7405E-06  2.4344E+03  2.3798E+03  1.6792E-01
  1.7415E-06  2.4296E+03  2.3738E+03  1.6794E-01
  1.7425E-06  2.4249E+03  2.3688E+03  1.6797E-01
  1.7435E-06  2.4204E+03  2.3641E+03  1.6801E-01
  1.7445E-06  2.4160E+03  2.3597E+03  1.6806E-01
  1.7455E-06  2.4117E+03  2.3554E+03  1.6813E-01
  1.7465E-06  2.4076E+03  2.3513E+03  1.6820E-01
  1.7475E-06  2.4036E+03  2.3474E+03  1.6828E-01
  1.7485E-06  2.3998E+03  2.3436E+03  1.6838E-01
  1.7495E-06  2.3961E+03  2.3399E+03  1.6848E-01
  1.7505E-06  2.3925E+03  2.3364E+03  1.6859E-01
  1.7515E-06  2.3890E+03  2.3330E+03  1.6872E-01
  1.7525E-06  2.3857E+03  2.3298E+03  1.6886E-01
  1.7535E-06  2.3826E+03  2.3267E+03  1.6900E-01
  1.7545E-06  2.3795E+03  2.3237E+03  1.6916E-01
  1.7555E-06  2.3766E+03  2.3208E+03  1.6933E-01
  1.7565E-06  2.3738E+03  2.3181E+03  1.6951E-01
  1.7575E-06  2.3712E+03  2.3155E+03  1.6970E-01
  1.7585E-06  2.3687E+03  2.3131E+03  1.6990E-01
  1.7595E-06  2.3663E+03  2.3107E+03  1.7012E-01
  1.7605E-06  2.3640E+03  2.3085E+03  1.7034E-01
  1.7615E-06  2.3619E+03  2.3064E+03  1.7058E-01
  1.7625E-06  2.3599E+03  2.3044E+03  1.7082E-01
  1.7635E-06  2.3580E+03  2.3026E+03  1.7108E-01
  1.7645E-06  2.3562E+03  2.3008E+03  1.7135E-01
  1.7655E-06  2.3545E+03  2.2992E+03  1.7163E-01
  1.7665E-06  2.3529E+03  2.2976E+03  1.7193E-01
  1.7675E-06  2.3515E+03  2.2962E+03  1.7223E-01
  1.7685E-06  2.3501E+03  2.2948E+03  1.7255E-01
  1.7695E-06  2.3488E+03  2.2935E+03  1.7287E-01
  1.7705E-06  2.3476E+03  2.2922E+03  1.7321E-01
  1.7715E-06  2.3465E+03  2.2908E+03  1.7356E-01
  1.7725E-06  2.3438E+03  2.2890E+03  1.7377E-01
  1.7735E-06  2.3427E+03  2.2877E+03  1.7414E-01
  1.7745E-06  2.3418E+03  2.2866E+03  1.7452E-01
  1.7755E-06  2.3408E+03  2.2856E+03  1.7491E-01
  1.7765E-06  2.3399E+03  2.2846E+03  1.7532E-01
  1.7775E-06  2.3390E+03  2.2836E+03  1.7573E-01
  1.7785E-06  2.3381E+03  2.2826E+03  1.7617E-01
  1.7795E-06  2.3372E+03  2.2816E+03  1.7663E-01
  1.7805E-06  2.3363E+03  2.2806E+03  1.7713E-01
  1.7815E-06  2.3355E+03  2.2794E+03  1.7770E-01
  1.7825E-06  2.3346E+03  2.2773E+03  1.7839E-01
  1.7835E-06  2.3293E+03  2.2735E+03  1.7793E-01
  1.7845E-06  2.3243E+03  2.2690E+03  1.7770E-01
  1.7855E-06  2.3195E+03  2.2644E+03  1.7753E-01
  1.7865E-06  2.3147E+03  2.2599E+03  1.7740E-01
  1.7875E-06  2.3100E+03  2.2553E+03  1.7729E-01
  1.7885E-06  2.3053E+03  2.2508E+03  1.7721E-01
  1.7895E-06  2.3007E+03  2.2464E+03  1.7713E-01
  1.7905E-06  2.2961E+03  2.2420E+03  1.7708E-01
  1.7915E-06  2.2917E+03  2.2376E+03  1.7704E-01
  1.7925E-06  2.2872E+03  2.2333E+03  1.7700E-01
  1.7935E-06  2.2828E+03  2.2289E+03  1.7697E-01
  1.7945E-06  2.2782E+03  2.2245E+03  1.7694E-01
  1.7955E-06  2.2736E+03  2.2200E+03  1.7691E-01
  1.7965E-06  2.2690E+03  2.2156E+03  1.7688E-01
  1.7975E-06  2.2645E+03  2.2112E+03  1.7686E-01
  1.7985E-06  2.2601E+03  2.2070E+03  1.7686E-01
  1.7995E-06  2.2558E+03  2.2028E+03  1.7686E-01
  1.8005E-06  2.2517E+03  2.1988E+03  1.7688E-01
  1.8015E-06  2.2476E+03  2.1948E+03  1.7691E-01
  1.8025E-06  2.2437E+03  2.1910E+03  1.7695E-01
  1.8035E-06  2.2399E+03  2.1872E+03  1.7700E-01
  1.8045E-06  2.2361E+03  2.1836E+03  1.7706E-01
  1.8055E-06  2.2325E+03  2.1800E+03  1.7713E-01
  1.8065E-06  2.2290E+03  2.1766E+03  1.7720E-01
  1.8075E-06  2.2255E+03  2.1732E+03  1.7729E-01
  1.8085E-06  2.2221E+03  2.1699E+03  1.7738E-01
  1.8095E-06  2.2188E+03  2.1667E+03  1.7747E-01
  1.8105E-06  2.2156E+03  2.1635E+03  1.7758E-01
  1.8115E-06  2.2124E+03  2.1604E+03  1.7769E-01
  1.8125E-06  2.2094E+03  2.1574E+03  1.7781E-01
  1.8135E-06  2.2063E+03  2.1544E+03  1.7793E-01
  1.8145E-06  2.2034E+03  2.1515E+03  1.7806E-01
  1.8155E-06  2.2004E+03  2.1486E+03  1.7819E-01
  1.8165E-06  2.1976E+03  2.1458E+03  1.7833E-01
  1.8175E-06  2.1947E+03  2.1431E+03  1.7847E-01
  1.8185E-06  2.1920E+03  2.1403E+03  1.7862E-01
  1.8195E-06  2.1892E+03  2.1376E+03  1.7877E-01
  1.8205E-06  2.1865E+03  2.1349E+03  1.7892E-01
  1.8215E-06  2.1838E+03  2.1323E+03  1.7908E-01
  1.8225E-06  2.1812E+03  2.1296E+03  1.7923E-01
  1.8235E-06  2.1786E+03  2.1270E+03  1.7940E-01
  1.8245E-06  2.1760E+03  2.1243E+03  1.7956E-01
  1.8255E-06  2.1734E+03  2.1217E+03  1.7972E-01
  1.8265E-06  2.1708E+03  2.1190E+03  1.7989E-01
  1.8275E-06  2.1683E+03  2.1162E+03  1.8006E-01
  1.8285E-06  2.1657E+03  2.1133E+03  1.8023E-01
  1.8295E-06  2.1632E+03  2.1101E+03  1.8040E-01
  1.8305E-06  2.1607E+03  2.1060E+03  1.8057E-01
  1.8315E-06  2.1581E+03  2.0967E+03  1.8074E-01
  1.8325E-06  2.1157E+03  2.0764E+03  1.7702E-01
  1.8335E-06  2.1132E+03  2.0671E+03  1.7718E-01
  1.8345E-06  2.1107E+03  2.0630E+03  1.7735E-01
  1.8355E-06  2.1082E+03  2.0598E+03  1.7751E-01
  1.8365E-06  2.1057E+03  2.0570E+03  1.7768E-01
  1.8375E-06  2.1032E+03  2.0542E+03  1.7784E-01
  1.8385E-06  2.1006E+03  2.0516E+03  1.7800E-01
  1.8395E-06  2.0981E+03  2.0489E+03  1.7816E-01
  1.8405E-06  2.0955E+03  2.0463E+03  1.7832E-01
  1.8415E-06  2.0929E+03  2.0437E+03  1.7848E-01
  1.8425E-06  2.0903E+03  2.0411E+03  1.7864E-01
  1.8435E-06  2.0877E+03  2.0385E+03  1.7880E-01
  1.8445E-06  2.0850E+03  2.0359E+03  1.7895E-01
  1.8455E-06  2.0824E+03  2.0333E+03  1.7911E-01
  1.8465E-06  2.0798E+03  2.0307E+03  1.7926E-01
  1.8475E-06  2.0771E+03  2.0281E+03  1.7941E-01
  1.8485E-06  2.0745E+03  2.0256E+03  1.7957E-01
  1.8495E-06  2.0718E+03  2.0230E+03  1.7972E-01
  1.8505E-06  2.0693E+03  2.0205E+03  1.7988E-01
  1.8515E-06  2.0668E+03  2.0181E+03  1.8005E-01
  1.8525E-06  2.0644E+03  2.0157E+03  1.8022E-01
  1.8535E-06  2.0622E+03  2.0134E+03  1.8041E-01
  1.8545E-06  2.0600E+03  2.0112E+03  1.8061E-01
  1.8555E-06  2.0578E+03  2.0089E+03  1.8080E-01
  1.8565E-06  2.0552E+03  2.0062E+03  1.8095E-01
  1.8575E-06  2.0520E+03  2.0031E+03  1.8106E-01
  1.8585E-06  2.0483E+03  1.9997E+03  1.8112E-01
  1.8595E-06  2.0444E+03  1.9960E+03  1.8117E-01
  1.8605E-06  2.0405E+03  1.9923E+03  1.8121E-01
  1.8615E-06  2.0367E+03  1.9887E+03  1.8126E-01
  1.8625E-06  2.0330E+03  1.9851E+03  1.8132E-01
  1.8635E-06  2.0294E+03  1.9817E+03  1.8139E-01
  1.8645E-06  2.0260E+03  1.9782E+03  1.8147E-01
  1.8655E-06  2.0225E+03  1.9749E+03  1.8155E-01
  1.8665E-06  2.0191E+03  1.9716E+03  1.8164E-01
  1.8675E-06  2.0158E+03  1.9682E+03  1.8172E-01
  1.8685E-06  2.0124E+03  1.9649E+03  1.8181E-01
  1.8695E-06  2.0090E+03  1.9616E+03  1.8189E-01
  1.8705E-06  2.0056E+03  1.9584E+03  1.8198E-01
  1.8715E-06  2.0023E+03  1.9551E+03  1.8206E-01
  1.8725E-06  1.9989E+03  1.9518E+03  1.8215E-01
  1.8735E-06  1.9955E+03  1.9485E+03  1.8223E-01
  1.8745E-06  1.9922E+03  1.9452E+03  1.8231E-01
  1.8755E-06  1.9888E+03  1.9419E+03  1.8239E-01
  1.8765E-06  1.9854E+03  1.9386E+03  1.8247E-01
  1.8775E-06  1.9821E+03  1.9353E+03  1.8255E-01
  1.8785E-06  1.9787E+03  1.9319E+03  1.8263E-01
  1.8795E-06  1.9753E+03  1.9284E+03  1.8271E-01
  1.8805E-06  1.9707E+03  1.9245E+03  1.8266E-01
  1.8815E-06  1.9674E+03  1.9210E+03  1.8274E-01
  1.8825E-06  1.9640E+03  1.9177E+03  1.8282E-01
  1.8835E-06  1.9607E+03  1.9144E+03  1.8290E-01
  1.8845E-06  1.9573E+03  1.9111E+03  1.8297E-01
  1.8855E-06  1.9540E+03  1.9078E+03  1.8305E-01
  1.8865E-06  1.9507E+03  1.9045E+03  1.8313E-01
  1.8875E-06  1.9473E+03  1.9011E+03  1.8321E-01
  1.8885E-06  1.9440E+03  1.8973E+03  1.8329E-01
  1.8895E-06  1.9383E+03  1.8926E+03  1.8315E-01
  1.8905E-06  1.9323E+03  1.8877E+03  1.8298E-01
  1.8915E-06  1.9290E+03  1.8839E+03  1.8306E-01
  1.8925E-06  1.9258E+03  1.8806E+03  1.8315E-01
  1.8935E-06  1.9225E+03  1.8774E+03  1.8323E-01
  1.8945E-06  1.9193E+03  1.8742E+03  1.8331E-01
  1.8955E-06  1.9161E+03  1.8710E+03  1.8339E-01
  1.8965E-06  1.9129E+03  1.8679E+03  1.8348E-01
  1.8975E-06  1.9097E+03  1.8648E+03  1.8356E-01
  1.8985E-06  1.9066E+03  1.8617E+03  1.8365E-01
  1.8995E-06  1.9034E+03  1.8586E+03  1.8374E-01
  1.9005E-06  1.9003E+03  1.8555E+03  1.8383E-01
  1.9015E-06  1.8972E+03  1.8525E+03  1.8392E-01
  1.9025E-06  1.8941E+03  1.8495E+03  1.8401E-01
  1.9035E-06  1.8910E+03  1.8465E+03  1.8410E-01
  1.9045E-06  1.8880E+03  1.8435E+03  1.8419E-01
  1.9055E-06  1.8849E+03  1.8405E+03  1.8429E-01
  1.9065E-06  1.8819E+03  1.8376E+03  1.8438E-01
  1.9075E-06  1.8789E+03  1.8346E+03  1.8448E-01
  1.9084E-06  1.8759E+03  1.8317E+03  1.8457E-01
  1.9094E-06  1.8730E+03  1.8288E+03  1.8467E-01
  1.9105E-06  1.8700E+03  1.8260E+03  1.8477E-01
  1.9115E-06  1.8671E+03  1.8231E+03  1.8487E-01
  1.9124E-06  1.8642E+03  1.8203E+03  1.8498E-01
  1.9134E-06  1.8613E+03  1.8174E+03  1.8508E-01
  1.9144E-06  1.8584E+03  1.8146E+03  1.8519E-01
  1.9154E-06  1.8556E+03  1.8119E+03  1.8529E-01
  1.9164E-06  1.8527E+03  1.8091E+03  1.8540E-01
  1.9174E-06  1.8499E+03  1.8063E+03  1.8551E-01
  1.9184E-06  1.8471E+03  1.8036E+03  1.8562E-01
  1.9194E-06  1.8444E+03  1.8009E+03  1.8573E-01
  1.9204E-06  1.8416E+03  1.7982E+03  1.8584E-01
  1.9214E-06  1.8388E+03  1.7955E+03  1.8596E-01
  1.9224E-06  1.8361E+03  1.7928E+03  1.8607E-01
  1.9234E-06  1.8334E+03  1.7902E+03  1.8619E-01
  1.9244E-06  1.8307E+03  1.7875E+03  1.8631E-01
  1.9254E-06  1.8281E+03  1.7849E+03  1.8643E-01
  1.9264E-06  1.8254E+03  1.7823E+03  1.8655E-01
  1.9274E-06  1.8228E+03  1.7797E+03  1.8667E-01
  1.9284E-06  1.8201E+03  1.7771E+03  1.8679E-01
  1.9294E-06  1.8175E+03  1.7744E+03  1.8692E-01
  1.9304E-06  1.8150E+03  1.7713E+03  1.8704E-01
  1.9314E-06  1.8090E+03  1.7673E+03  1.8677E-01
  1.9324E-06  1.8065E+03  1.7642E+03  1.8690E-01
  1.9334E-06  1.8040E+03  1.7616E+03  1.8703E-01
  1.9344E-06  1.8015E+03  1.7591E+03  1.8716E-01
  1.9354E-06  1.7990E+03  1.7566E+03  1.8729E-01
  1.9364E-06  1.7965E+03  1.7542E+03  1.8742E-01
  1.9374E-06  1.7940E+03  1.7518E+03  1.8756E-01
  1.9384E-06  1.7916E+03  1.7494E+03  1.8769E-01
  1.9394E-06  1.7891E+03  1.7470E+03  1.8783E-01
  1.9404E-06  1.7867E+03  1.7446E+03  1.8797E-01
  1.9414E-06  1.7843E+03  1.7423E+03  1.8810E-01
  1.9424E-06  1.7819E+03  1.7399E+03  1.8824E-01
  1.9434E-06  1.7795E+03  1.7376E+03  1.8839E-01
  1.9444E-06  1.7772E+03  1.7353E+03  1.8853E-01
  1.9454E-06  1.7748E+03  1.7330E+03  1.8867E-01
  1.9464E-06  1.7725E+03  1.7307E+03  1.8882E-01
  1.9474E-06  1.7702E+03  1.7285E+03  1.8896E-01
  1.9484E-06  1.7679E+03  1.7262E+03  1.8911E-01
  1.9494E-06  1.7656E+03  1.7240E+03  1.8926E-01
  1.9504E-06  1.7633E+03  1.7218E+03  1.8941E-01
  1.9514E-06  1.7611E+03  1.7196E+03  1.8956E-01
  1.9524E-06  1.7588E+03  1.7174E+03  1.8971E-01
  1.9534E-06  1.7566E+03  1.7152E+03  1.8987E-01
  1.9544E-06  1.7544E+03  1.7130E+03  1.9002E-01
  1.9554E-06  1.7522E+03  1.7109E+03  1.9018E-01
  1.9564E-06  1.7500E+03  1.7087E+03  1.9033E-01
  1.9574E-06  1.7478E+03  1.7066E+03  1.9049E-01
  1.9584E-06  1.7457E+03  1.7045E+03  1.9065E-01
  1.9594E-06  1.7435E+03  1.7024E+03  1.9081E-01
  1.9604E-06  1.7414E+03  1.7003E+03  1.9097E-01
  1.9614E-06  1.7392E+03  1.6982E+03  1.9113E-01
  1.9624E-06  1.7371E+03  1.6961E+03  1.9130E-01
  1.9634E-06  1.7350E+03  1.6940E+03  1.9146E-01
  1.9644E-06  1.7330E+03  1.6920E+03  1.9163E-01
  1.9654E-06  1.7309E+03  1.6899E+03  1.9179E-01
  1.9664E-06  1.7288E+03  1.6878E+03  1.9196E-01
  1.9674E-06  1.7268E+03  1.6856E+03  1.9213E-01
  1.9684E-06  1.7247E+03  1.6832E+03  1.9230E-01
  1.9694E-06  1.7227E+03  1.6797E+03  1.9247E-01
  1.9704E-06  1.7116E+03  1.6737E+03  1.9146E-01
  1.9714E-06  1.7096E+03  1.6702E+03  1.9163E-01
  1.9724E-06  1.7076E+03  1.6679E+03  1.9181E-01
  1.9734E-06  1.7057E+03  1.6658E+03  1.9198E-01
  1.9744E-06  1.7037E+03  1.6638E+03  1.9216E-01
  1.9754E-06  1.7018E+03  1.6619E+03  1.9234E-01
  1.9764E-06  1.6999E+03  1.6599E+03  1.9251E-01
  1.9774E-06  1.6980E+03  1.6580E+03  1.9269E-01
  1.9784E-06  1.6961E+03  1.6562E+03  1.9288E-01
  1.9794E-06  1.6942E+03  1.6543E+03  1.9306E-01
  1.9804E-06  1.6923E+03  1.6524E+03  1.9324E-01
  1.9814E-06  1.6905E+03  1.6506E+03  1.9343E-01
  1.9824E-06  1.6886E+03  1.6488E+03  1.9362E-01
  1.9834E-06  1.6868E+03  1.6470E+03  1.9380E-01
  1.9844E-06  1.6850E+03  1.6452E+03  1.9399E-01
  1.9854E-06  1.6832E+03  1.6434E+03  1.9418E-01
  1.9864E-06  1.6814E+03 NaN          1.9438E-01
  1.9874E-06  1.6796E+03 NaN          1.9457E-01
  1.9884E-06  1.6778E+03 NaN          1.9477E-01
  1.9894E-06  1.6761E+03 NaN          1.9496E-01
  1.9904E-06  1.6695E+03 NaN          1.9450E-01
  1.9914E-06  1.6678E+03 NaN          1.9470E-01
  1.9924E-06  1.6661E+03 NaN          1.9490E-01
  1.9934E-06  1.6644E+03 NaN          1.9511E-01
  1.9944E-06  1.6627E+03 NaN          1.9531E-01
  1.9954E-06  1.6610E+03 NaN          1.9552E-01
  1.9964E-06  1.6594E+03 NaN          1.9572E-01
  1.9974E-06  1.6577E+03 NaN          1.9593E-01
  1.9984E-06  1.6561E+03 NaN          1.9614E-01
  1.9994E-06  1.6545E+03 NaN          1.9636E-01
